"resultMC"
"1" "Site Number	P-Value for Pairwise Comparison	Group 1 in Comparison	Group 2 in Comparison
 Site1 	 9.37073755914611e-06 	 1 	 2 
 Site2 	 1 	 1 	 2 
 Site3 	 3.25745304493442e-06 	 1 	 2 
 Site4 	 5.83256867339537e-06 	 1 	 2 
 Site5 	 1 	 1 	 2 
 Site6 	 8.43442543770755e-198 	 1 	 2 
 Site7 	 1 	 1 	 2 
 Site8 	 1.20624731402467e-298 	 1 	 2 
 Site9 	 1 	 1 	 2 
 Site10 	 1 	 1 	 2 
 Site11 	 1 	 1 	 2 
 Site12 	 0.000185565367352009 	 1 	 2 
 Site13 	 6.6736655918035e-47 	 1 	 2 
 Site14 	 1.14612398212596e-283 	 1 	 2 
 Site15 	 3.7523988833376e-06 	 1 	 2 
 Site16 	 4.47132748210841e-06 	 1 	 2 
 Site17 	 3.62560224080114e-32 	 1 	 2 
 Site18 	 1.55581612828876e-05 	 1 	 2 
 Site19 	 5.6514808023416e-235 	 1 	 2 
 Site20 	 2.58001867842164e-05 	 1 	 2 
 Site21 	 1 	 1 	 2 
 Site22 	 1 	 1 	 2 
 Site23 	 1.11625195452231e-183 	 1 	 2 
 Site24 	 1 	 1 	 2 
 Site25 	 5.93244052919233e-09 	 1 	 2 
 Site26 	 8.18429491101108e-302 	 1 	 2 
 Site27 	 1.14138807460149e-300 	 1 	 2 
 Site28 	 0.000254194987634585 	 1 	 2 
 Site29 	 2.57422924366727e-299 	 1 	 2 
 Site30 	 3.69938307759274e-300 	 1 	 2 
 Site31 	 6.62618095420086e-300 	 1 	 2 
 Site32 	 0.000563554182265751 	 1 	 2 
 Site33 	 6.23963315804162e-06 	 1 	 2 
 Site34 	 3.46015727306203e-284 	 1 	 2 
 Site35 	 1.40116613831168e-291 	 1 	 2 
 Site36 	 1 	 1 	 2 
 Site37 	 1 	 1 	 2 
 Site38 	 4.56703562404845e-252 	 1 	 2 
 Site39 	 0.165816928400616 	 1 	 2 
 Site40 	 1 	 1 	 2 
 Site41 	 1 	 1 	 2 
 Site42 	 0.329340471556334 	 1 	 2 
 Site43 	 1 	 1 	 2 
 Site44 	 1 	 1 	 2 
 Site45 	 2.43385323180303e-253 	 1 	 2 
 Site46 	 2.36339461446739e-47 	 1 	 2 
 Site47 	 1 	 1 	 2 
 Site48 	 1.46460457052783e-156 	 1 	 2 
 Site49 	 2.13617510588792e-07 	 1 	 2 
 Site50 	 1 	 1 	 2 
 Site51 	 1.08350927234575e-274 	 1 	 2 
 Site52 	 1.23001191059555e-131 	 1 	 2 
 Site53 	 0.174268234117203 	 1 	 2 
 Site54 	 3.32785547404923e-186 	 1 	 2 
 Site55 	 0.424198299921434 	 1 	 2 
 Site56 	 0.407749200332923 	 1 	 2 
 Site57 	 8.81918692278706e-245 	 1 	 2 
 Site58 	 6.19415105115866e-22 	 1 	 2 
 Site59 	 0.71279327265577 	 1 	 2 
 Site60 	 1 	 1 	 2 
 Site61 	 7.95352428023169e-243 	 1 	 2 
 Site62 	 2.16956599103008e-06 	 1 	 2 
 Site63 	 1.1542431644107e-109 	 1 	 2 
 Site64 	 0.28631236895525 	 1 	 2 
 Site65 	 1.02670319155201e-256 	 1 	 2 
 Site66 	 1 	 1 	 2 
 Site67 	 1.29379750793511e-87 	 1 	 2 
 Site68 	 0.310352882803597 	 1 	 2 
 Site69 	 3.32955859721134e-266 	 1 	 2 
 Site70 	 3.61179286767351e-291 	 1 	 2 
 Site71 	 7.6421172628742e-277 	 1 	 2 
 Site72 	 1 	 1 	 2 
 Site73 	 1 	 1 	 2 
 Site74 	 0.598343852228538 	 1 	 2 
 Site75 	 6.04652839033733e-06 	 1 	 2 
 Site76 	 0.424198762692719 	 1 	 2 
 Site77 	 1 	 1 	 2 
 Site78 	 1.59913782965192e-269 	 1 	 2 
 Site79 	 2.64681080098137e-06 	 1 	 2 
 Site80 	 1 	 1 	 2 
 Site81 	 0.00018293889253867 	 1 	 2 
 Site82 	 2.34211081528394e-17 	 1 	 2 
 Site83 	 1 	 1 	 2 
 Site84 	 1 	 1 	 2 
 Site85 	 1 	 1 	 2 
 Site86 	 1 	 1 	 2 
 Site87 	 3.83851679481908e-256 	 1 	 2 
 Site88 	 1.06208626043039e-155 	 1 	 2 
 Site89 	 2.53087966565462e-144 	 1 	 2 
 Site90 	 2.31928075207214e-173 	 1 	 2 
 Site91 	 2.97386989296963e-252 	 1 	 2 
 Site92 	 1.85008907446224e-279 	 1 	 2 
 Site93 	 1 	 1 	 2 
 Site94 	 1 	 1 	 2 
 Site95 	 6.39812903481506e-26 	 1 	 2 
 Site96 	 1 	 1 	 2 
 Site97 	 1 	 1 	 2 
 Site98 	 1 	 1 	 2 
 Site99 	 1 	 1 	 2 
 Site100 	 2.02828271141636e-245 	 1 	 2 
 Site101 	 1.02527327649884e-291 	 1 	 2 
 Site102 	 1 	 1 	 2 
 Site103 	 1 	 1 	 2 
 Site104 	 1 	 1 	 2 
 Site105 	 1 	 1 	 2 
 Site106 	 5.93911510501238e-288 	 1 	 2 
 Site107 	 1 	 1 	 2 
 Site108 	 1 	 1 	 2 
 Site109 	 1 	 1 	 2 
 Site110 	 9.72380413250488e-284 	 1 	 2 
 Site111 	 1 	 1 	 2 
 Site112 	 8.74213215497591e-292 	 1 	 2 
 Site113 	 3.83509904752966e-266 	 1 	 2 
 Site114 	 1.31543304225264e-293 	 1 	 2 
 Site115 	 0.488194936595866 	 1 	 2 
 Site116 	 9.29152237693547e-07 	 1 	 2 
 Site117 	 1 	 1 	 2 
 Site118 	 0.226651793526793 	 1 	 2 
 Site119 	 0.488195321282458 	 1 	 2 
 Site120 	 0.713855584355524 	 1 	 2 
 Site121 	 5.84447736557664e-290 	 1 	 2 
 Site122 	 5.32630034816208e-290 	 1 	 2 
 Site123 	 1 	 1 	 2 
 Site124 	 1 	 1 	 2 
 Site125 	 1 	 1 	 2 
 Site126 	 1 	 1 	 2 
 Site127 	 1 	 1 	 2 
 Site128 	 1 	 1 	 2 
 Site129 	 1 	 1 	 2 
 Site130 	 0.436993706786817 	 1 	 2 
 Site131 	 1 	 1 	 2 
 Site132 	 3.46721634579016e-116 	 1 	 2 
 Site133 	 0.377936419951898 	 1 	 2 
 Site134 	 1 	 1 	 2 
 Site135 	 3.16211100138665e-263 	 1 	 2 
 Site136 	 0.245296737842704 	 1 	 2 
 Site137 	 0.129688446822798 	 1 	 2 
 Site138 	 2.08559633360821e-23 	 1 	 2 
 Site139 	 1 	 1 	 2 
 Site140 	 1.73700915828626e-22 	 1 	 2 
 Site141 	 1 	 1 	 2 
 Site142 	 0.18596777995789 	 1 	 2 
 Site143 	 0.436993956065849 	 1 	 2 
 Site144 	 1.3975700360065e-11 	 1 	 2 
 Site145 	 1 	 1 	 2 
 Site146 	 1 	 1 	 2 
 Site147 	 1 	 1 	 2 
 Site148 	 0.253127234753272 	 1 	 2 
 Site149 	 3.12336327371662e-06 	 1 	 2 
 Site150 	 0.377936419951898 	 1 	 2 
 Site151 	 0.377936419951898 	 1 	 2 
 Site152 	 1 	 1 	 2 
 Site153 	 1 	 1 	 2 
 Site154 	 1.55730510216763e-51 	 1 	 2 
 Site155 	 3.95172777308611e-28 	 1 	 2 
 Site156 	 0.52439873499236 	 1 	 2 
 Site157 	 3.12336327371662e-06 	 1 	 2 
 Site158 	 1.05067414922297e-292 	 1 	 2 
 Site159 	 0.226651793526793 	 1 	 2 
 Site160 	 8.44906323485328e-06 	 1 	 2 
 Site161 	 0.377936419951898 	 1 	 2 
 Site162 	 1 	 1 	 2 
 Site163 	 1.93961915527614e-238 	 1 	 2 
 Site164 	 8.02825193569553e-301 	 1 	 2 
 Site165 	 0.488195321282458 	 1 	 2 
 Site166 	 1.57161059710291e-291 	 1 	 2 
 Site167 	 1.99482665667742e-293 	 1 	 2 
 Site168 	 1.55899514723582e-200 	 1 	 2 
 Site169 	 7.91719357400356e-23 	 1 	 2 
 Site170 	 2.79115491855577e-22 	 1 	 2 
 Site171 	 1 	 1 	 2 
 Site172 	 1.56781316838918e-61 	 1 	 2 
 Site173 	 1 	 1 	 2 
 Site174 	 1 	 1 	 2 
 Site175 	 1 	 1 	 2 
 Site176 	 5.25396025939612e-202 	 1 	 2 
 Site177 	 1 	 1 	 2 
 Site178 	 1 	 1 	 2 
 Site179 	 0.129688446822798 	 1 	 2 
 Site180 	 0.150428498375407 	 1 	 2 
 Site181 	 1 	 1 	 2 
 Site182 	 1 	 1 	 2 
 Site183 	 6.40559306385603e-291 	 1 	 2 
 Site184 	 1.99482150073651e-293 	 1 	 2 
 Site185 	 5.94138016705777e-295 	 1 	 2 
 Site186 	 3.70503751491091e-280 	 1 	 2 
 Site187 	 0.423720352536887 	 1 	 2 
 Site188 	 1 	 1 	 2 
 Site189 	 1.10246748150416e-06 	 1 	 2 
 Site190 	 1.5786169566459e-291 	 1 	 2 
 Site191 	 1 	 1 	 2 
 Site192 	 1 	 1 	 2 
 Site193 	 2.64682057372737e-06 	 1 	 2 
 Site194 	 1.25957244466336e-194 	 1 	 2 
 Site195 	 0.253127234753272 	 1 	 2 
 Site196 	 3.47275110693074e-292 	 1 	 2 
 Site197 	 1.44657221953876e-06 	 1 	 2 
 Site198 	 2.29072323771434e-292 	 1 	 2 
 Site199 	 2.63933377232505e-252 	 1 	 2 
 Site200 	 3.82546177936826e-07 	 1 	 2 
 Site201 	 0.151089822697704 	 1 	 2 
 Site202 	 9.53025477578601e-07 	 1 	 2 
 Site203 	 1.11862478043932e-06 	 1 	 2 
 Site204 	 0.432511244395467 	 1 	 2 
 Site205 	 1.09852723768938e-06 	 1 	 2 
 Site206 	 1 	 1 	 2 
 Site207 	 1 	 1 	 2 
 Site208 	 0.66900938818871 	 1 	 2 
 Site209 	 1 	 1 	 2 
 Site210 	 4.74802340533362e-86 	 1 	 2 
 Site211 	 0.543185524894799 	 1 	 2 
 Site212 	 5.55195690080766e-43 	 1 	 2 
 Site213 	 3.82154573167406e-180 	 1 	 2 
 Site214 	 1 	 1 	 2 
 Site215 	 1 	 1 	 2 
 Site216 	 2.6468129729821e-06 	 1 	 2 
 Site217 	 2.03474974996881e-290 	 1 	 2 
 Site218 	 1 	 1 	 2 
 Site219 	 1.24233765635668e-252 	 1 	 2 
 Site220 	 3.68511585918394e-06 	 1 	 2 
 Site221 	 1.77679141213084e-26 	 1 	 2 
 Site222 	 0.436993956065849 	 1 	 2 
 Site223 	 1 	 1 	 2 
 Site224 	 0.377936419951898 	 1 	 2 
 Site225 	 1 	 1 	 2 
 Site226 	 0.253127234753272 	 1 	 2 
 Site227 	 0.397861111863031 	 1 	 2 
 Site228 	 3.52393396708247e-287 	 1 	 2 
 Site229 	 2.89893885997543e-295 	 1 	 2 
 Site230 	 0.484619477769077 	 1 	 2 
 Site231 	 0.489363803044952 	 1 	 2 
 Site232 	 5.92430876681042e-07 	 1 	 2 
 Site233 	 8.66972042612208e-07 	 1 	 2 
 Site234 	 2.29072378674544e-292 	 1 	 2 
 Site235 	 9.24610656835426e-292 	 1 	 2 
 Site236 	 1.61946308146545e-07 	 1 	 2 
 Site237 	 2.78879559025957e-196 	 1 	 2 
 Site238 	 8.23961350295348e-50 	 1 	 2 
 Site239 	 0.377936419951898 	 1 	 2 
 Site240 	 0.488195321282458 	 1 	 2 
 Site241 	 1 	 1 	 2 
 Site242 	 2.1473583539246e-273 	 1 	 2 
 Site243 	 4.47930413470377e-23 	 1 	 2 
 Site244 	 4.62910409258208e-07 	 1 	 2 
 Site245 	 0.377936419951898 	 1 	 2 
 Site246 	 8.62843921697887e-253 	 1 	 2 
 Site247 	 1 	 1 	 2 
 Site248 	 1 	 1 	 2 
 Site249 	 1 	 1 	 2 
 Site250 	 0.213085294638008 	 1 	 2 
 Site251 	 0.286312624690835 	 1 	 2 
 Site252 	 1 	 1 	 2 
 Site253 	 0.213085294638008 	 1 	 2 
 Site254 	 5.26379797696113e-292 	 1 	 2 
 Site255 	 0.185967835102332 	 1 	 2 
 Site256 	 0.175104069031806 	 1 	 2 
 Site257 	 1 	 1 	 2 
 Site258 	 1.55572396792168e-06 	 1 	 2 
 Site259 	 4.12447790957665e-60 	 1 	 2 
 Site260 	 0.34027322761553 	 1 	 2 
 Site261 	 0.426316907032466 	 1 	 2 
 Site262 	 1 	 1 	 2 
 Site263 	 1.18899134629123e-05 	 1 	 2 
 Site264 	 0.329340239914438 	 1 	 2 
 Site265 	 1 	 1 	 2 
 Site266 	 3.31023982713635e-322 	 1 	 2 
 Site267 	 0.213085294638008 	 1 	 2 
 Site268 	 0.175104069031806 	 1 	 2 
 Site269 	 0.568716875819154 	 1 	 2 
 Site270 	 1.82280661586566e-251 	 1 	 2 
 Site271 	 3.47276619616102e-292 	 1 	 2 
 Site272 	 2.35568576213325e-46 	 1 	 2 
 Site273 	 1 	 1 	 2 
 Site274 	 8.59426119674027e-241 	 1 	 2 
 Site275 	 3.4321616583796e-25 	 1 	 2 
 Site276 	 1 	 1 	 2 
 Site277 	 8.38614966548308e-23 	 1 	 2 
 Site278 	 2.24262625208217e-06 	 1 	 2 
 Site279 	 2.26507564845631e-69 	 1 	 2 
 Site280 	 1 	 1 	 2 
 Site281 	 0.179368798632285 	 1 	 2 
 Site282 	 1 	 1 	 2 
 Site283 	 0.248391050665228 	 1 	 2 
 Site284 	 0.215099526236426 	 1 	 2 
 Site285 	 3.95546735313733e-45 	 1 	 2 
 Site286 	 0.215099313449982 	 1 	 2 
 Site287 	 1 	 1 	 2 
 Site288 	 1 	 1 	 2 
 Site289 	 1 	 1 	 2 
 Site290 	 8.79919064373741e-09 	 1 	 2 
 Site291 	 1 	 1 	 2 
 Site292 	 0.3293401404582 	 1 	 2 
 Site293 	 2.30810813225535e-22 	 1 	 2 
 Site294 	 1 	 1 	 2 
 Site295 	 0.447458011334441 	 1 	 2 
 Site296 	 0.389757849017931 	 1 	 2 
 Site297 	 6.5668375378226e-08 	 1 	 2 
 Site298 	 3.56587745564514e-190 	 1 	 2 
 Site299 	 3.39809447706069e-242 	 1 	 2 
 Site300 	 0.0359346668926378 	 1 	 2 
 Site301 	 4.01513481877299e-25 	 1 	 2 
 Site302 	 0.0575845883632364 	 1 	 2 
 Site303 	 0.0359528091660301 	 1 	 2 
 Site304 	 1 	 1 	 2 
 Site305 	 1 	 1 	 2 
 Site306 	 4.2730851823742e-05 	 1 	 2 
 Site307 	 7.57158303046915e-23 	 1 	 2 
 Site308 	 1 	 1 	 2 
 Site309 	 1.51270069556134e-24 	 1 	 2 
 Site310 	 1 	 1 	 2 
 Site311 	 3.19080901171266e-290 	 1 	 2 
 Site312 	 2.54110889722952e-05 	 1 	 2 
 Site313 	 8.24671116780666e-05 	 1 	 2 
 Site314 	 3.61214031345897e-05 	 1 	 2 
 Site315 	 1.10975206066071e-05 	 1 	 2 
 Site316 	 1.21629024452749e-22 	 1 	 2 
 Site317 	 9.0101261592611e-06 	 1 	 2 
 Site318 	 9.85579221557848e-31 	 1 	 2 
 Site319 	 1.72194042375792e-48 	 1 	 2 
 Site320 	 9.0101261592611e-06 	 1 	 2 
 Site321 	 1.27864085259248e-05 	 1 	 2 
 Site322 	 7.86283928546507e-10 	 1 	 2 
 Site323 	 1.9120330776089e-27 	 1 	 2 
 Site324 	 1 	 1 	 2 
 Site325 	 1 	 1 	 2 
 Site326 	 3.69275708274008e-287 	 1 	 2 
 Site327 	 1.22948779533568e-234 	 1 	 2 
 Site328 	 1.4412780116036e-238 	 1 	 2 
 Site329 	 4.06849072021751e-05 	 1 	 2 
 Site330 	 4.06849072021751e-05 	 1 	 2 
 Site331 	 4.06849072021751e-05 	 1 	 2 
 Site332 	 1.01829113127902e-05 	 1 	 2 
 Site333 	 5.46513200753562e-09 	 1 	 2 
 Site334 	 1.97517521495493e-05 	 1 	 2 
 Site335 	 0.000199388931877159 	 1 	 2 
 Site336 	 0.000145704043118328 	 1 	 2 
 Site337 	 1.90434750830694e-05 	 1 	 2 
 Site338 	 9.06843823481071e-05 	 1 	 2 
 Site339 	 1 	 1 	 2 
 Site340 	 1 	 1 	 2 
 Site341 	 7.45612748276584e-256 	 1 	 2 
 Site342 	 3.28680320246415e-301 	 1 	 2 
 Site343 	 4.56527027245005e-06 	 1 	 2 
 Site344 	 1.04728747212992e-298 	 1 	 2 
 Site345 	 4.25551069311232e-261 	 1 	 2 
 Site346 	 1.41950670334571e-114 	 1 	 2 
 Site347 	 0.000448331387915017 	 1 	 2 
 Site348 	 1 	 1 	 2 
 Site349 	 0.000145524573401104 	 1 	 2 
 Site350 	 1 	 1 	 2 
 Site351 	 7.66706823630831e-07 	 1 	 2 
 Site352 	 1 	 1 	 2 
 Site353 	 1.40167457011794e-05 	 1 	 2 
"
