"resultMC"
"1" "Site Number	P-Value for Pairwise Comparison	Group 1 in Comparison	Group 2 in Comparison
 Site1 	 0.475338248275792 	 1 	 2 
 Site2 	 7.97065248761726e-238 	 1 	 2 
 Site3 	 0.481470802247359 	 1 	 2 
 Site4 	 0.626987173092818 	 1 	 2 
 Site5 	 3.62617454276199e-20 	 1 	 2 
 Site6 	 1.64190935231763e-137 	 1 	 2 
 Site7 	 2.52943175560107e-160 	 1 	 2 
 Site8 	 2.11471761810572e-23 	 1 	 2 
 Site9 	 1.93364323509875e-307 	 1 	 2 
 Site10 	 3.50996419939965e-68 	 1 	 2 
 Site11 	 2.33908986460497e-24 	 1 	 2 
 Site12 	 0.953916175786652 	 1 	 2 
 Site13 	 1.9075198672729e-09 	 1 	 2 
 Site14 	 9.95724825136419e-26 	 1 	 2 
 Site15 	 0.301124138262288 	 1 	 2 
 Site16 	 0.306245864666355 	 1 	 2 
 Site17 	 0.020993907515745 	 1 	 2 
 Site18 	 0.493916131938968 	 1 	 2 
 Site19 	 1.52120237448159e-20 	 1 	 2 
 Site20 	 0.51303287844916 	 1 	 2 
 Site21 	 6.27421045134083e-43 	 1 	 2 
 Site22 	 1 	 1 	 2 
 Site23 	 5.98745281690442e-159 	 1 	 2 
 Site24 	 4.35614314729163e-158 	 1 	 2 
 Site25 	 0.563643458177172 	 1 	 2 
 Site26 	 3.14078786367817e-26 	 1 	 2 
 Site27 	 3.82940682487748e-26 	 1 	 2 
 Site28 	 0.0294585885276397 	 1 	 2 
 Site29 	 3.09354158405263e-25 	 1 	 2 
 Site30 	 3.68072196908597e-26 	 1 	 2 
 Site31 	 1.69529676510169e-25 	 1 	 2 
 Site32 	 1.82876588714621e-06 	 1 	 2 
 Site33 	 6.47503602462359e-20 	 1 	 2 
 Site34 	 5.33791955432732e-28 	 1 	 2 
 Site35 	 7.37544431935311e-27 	 1 	 2 
 Site36 	 2.74362365101856e-33 	 1 	 2 
 Site37 	 2.13207877885224e-39 	 1 	 2 
 Site38 	 1.31081541631733e-21 	 1 	 2 
 Site39 	 0.953484928563333 	 1 	 2 
 Site40 	 1 	 1 	 2 
 Site41 	 7.99243172643828e-58 	 1 	 2 
 Site42 	 0.955244954031872 	 1 	 2 
 Site43 	 9.62646968372431e-17 	 1 	 2 
 Site44 	 1.42588431062114e-142 	 1 	 2 
 Site45 	 5.24491149870351e-23 	 1 	 2 
 Site46 	 0.000189320259175917 	 1 	 2 
 Site47 	 1 	 1 	 2 
 Site48 	 1 	 1 	 2 
 Site49 	 0.390502686087873 	 1 	 2 
 Site50 	 9.55488979184025e-43 	 1 	 2 
 Site51 	 3.74321905883494e-102 	 1 	 2 
 Site52 	 1 	 1 	 2 
 Site53 	 0.973340156079386 	 1 	 2 
 Site54 	 1.49961332844195e-15 	 1 	 2 
 Site55 	 0.922449626870586 	 1 	 2 
 Site56 	 0.800052375869676 	 1 	 2 
 Site57 	 9.25838114412626e-21 	 1 	 2 
 Site58 	 0.0944146476599734 	 1 	 2 
 Site59 	 0.988493148380782 	 1 	 2 
 Site60 	 2.47114636687093e-229 	 1 	 2 
 Site61 	 2.99526080634164e-21 	 1 	 2 
 Site62 	 0.591482223382791 	 1 	 2 
 Site63 	 5.46778215844154e-10 	 1 	 2 
 Site64 	 0.948727060599422 	 1 	 2 
 Site65 	 1.56018177482721e-24 	 1 	 2 
 Site66 	 1 	 1 	 2 
 Site67 	 4.37294966948974e-09 	 1 	 2 
 Site68 	 0.755184147274979 	 1 	 2 
 Site69 	 4.18479968493284e-26 	 1 	 2 
 Site70 	 2.33462932578283e-31 	 1 	 2 
 Site71 	 9.1760682394991e-26 	 1 	 2 
 Site72 	 1.90536294424265e-149 	 1 	 2 
 Site73 	 1.18564587006221e-62 	 1 	 2 
 Site74 	 0.953484928563333 	 1 	 2 
 Site75 	 0.585656849912412 	 1 	 2 
 Site76 	 0.922455810042787 	 1 	 2 
 Site77 	 1.86648909400879e-235 	 1 	 2 
 Site78 	 1 	 1 	 2 
 Site79 	 0.556936362112867 	 1 	 2 
 Site80 	 1.18241654828576e-237 	 1 	 2 
 Site81 	 0.646174578287137 	 1 	 2 
 Site82 	 1 	 1 	 2 
 Site83 	 4.67334676600949e-98 	 1 	 2 
 Site84 	 1 	 1 	 2 
 Site85 	 2.51095431791733e-90 	 1 	 2 
 Site86 	 2.00323933315529e-15 	 1 	 2 
 Site87 	 3.67436369730578e-23 	 1 	 2 
 Site88 	 9.75258240306432e-13 	 1 	 2 
 Site89 	 6.55466811590928e-14 	 1 	 2 
 Site90 	 1 	 1 	 2 
 Site91 	 3.5248163709067e-22 	 1 	 2 
 Site92 	 4.32313819806458e-24 	 1 	 2 
 Site93 	 1.25920677122469e-143 	 1 	 2 
 Site94 	 8.50931253424616e-121 	 1 	 2 
 Site95 	 0.0308489661567207 	 1 	 2 
 Site96 	 1.09017747627986e-229 	 1 	 2 
 Site97 	 4.89720378047631e-65 	 1 	 2 
 Site98 	 1 	 1 	 2 
 Site99 	 1 	 1 	 2 
 Site100 	 1.62515390895056e-21 	 1 	 2 
 Site101 	 6.47262289401692e-32 	 1 	 2 
 Site102 	 1.79238774416075e-71 	 1 	 2 
 Site103 	 1 	 1 	 2 
 Site104 	 1.90036304942067e-15 	 1 	 2 
 Site105 	 1.6450504444571e-122 	 1 	 2 
 Site106 	 2.14145980689191e-23 	 1 	 2 
 Site107 	 1 	 1 	 2 
 Site108 	 1 	 1 	 2 
 Site109 	 1 	 1 	 2 
 Site110 	 1 	 1 	 2 
 Site111 	 7.04981240483147e-19 	 1 	 2 
 Site112 	 3.14319117824396e-26 	 1 	 2 
 Site113 	 1.01024234688523e-22 	 1 	 2 
 Site114 	 1.09313950028287e-26 	 1 	 2 
 Site115 	 0.988271813590686 	 1 	 2 
 Site116 	 0.971224730138692 	 1 	 2 
 Site117 	 5.51271990255582e-84 	 1 	 2 
 Site118 	 0.990450802719086 	 1 	 2 
 Site119 	 0.988272866878499 	 1 	 2 
 Site120 	 0.999384782894636 	 1 	 2 
 Site121 	 4.45995152025352e-24 	 1 	 2 
 Site122 	 1.32026984840855e-26 	 1 	 2 
 Site123 	 4.12254081305337e-61 	 1 	 2 
 Site124 	 8.04425179464903e-93 	 1 	 2 
 Site125 	 8.75336572890744e-240 	 1 	 2 
 Site126 	 1.73082971164797e-93 	 1 	 2 
 Site127 	 1.92614192734278e-18 	 1 	 2 
 Site128 	 1 	 1 	 2 
 Site129 	 1 	 1 	 2 
 Site130 	 0.985897682068296 	 1 	 2 
 Site131 	 1.35311384050452e-152 	 1 	 2 
 Site132 	 9.32110742812855e-10 	 1 	 2 
 Site133 	 0.961535582849879 	 1 	 2 
 Site134 	 1.21959181005192e-152 	 1 	 2 
 Site135 	 1.75125476219368e-10 	 1 	 2 
 Site136 	 0.995667694082229 	 1 	 2 
 Site137 	 0.961535582849879 	 1 	 2 
 Site138 	 0.180755565111074 	 1 	 2 
 Site139 	 1 	 1 	 2 
 Site140 	 0.0864236498036029 	 1 	 2 
 Site141 	 1 	 1 	 2 
 Site142 	 0.92807171329516 	 1 	 2 
 Site143 	 0.985898481183586 	 1 	 2 
 Site144 	 0.91161421140134 	 1 	 2 
 Site145 	 9.36160408953211e-141 	 1 	 2 
 Site146 	 1 	 1 	 2 
 Site147 	 1 	 1 	 2 
 Site148 	 0.877752766193151 	 1 	 2 
 Site149 	 0.562625552351658 	 1 	 2 
 Site150 	 0.961535582849879 	 1 	 2 
 Site151 	 0.961535582849879 	 1 	 2 
 Site152 	 1 	 1 	 2 
 Site153 	 1.80297014880342e-174 	 1 	 2 
 Site154 	 0.000206289877832458 	 1 	 2 
 Site155 	 0.0336236375610573 	 1 	 2 
 Site156 	 1.73860456358553e-17 	 1 	 2 
 Site157 	 0.562625552351658 	 1 	 2 
 Site158 	 1.09315663961684e-26 	 1 	 2 
 Site159 	 0.990450802719086 	 1 	 2 
 Site160 	 9.75964341022965e-06 	 1 	 2 
 Site161 	 0.961535582849879 	 1 	 2 
 Site162 	 1 	 1 	 2 
 Site163 	 2.24362867133216e-20 	 1 	 2 
 Site164 	 2.85651979121134e-25 	 1 	 2 
 Site165 	 0.988272866878499 	 1 	 2 
 Site166 	 4.54562585454746e-24 	 1 	 2 
 Site167 	 1.13693215830056e-26 	 1 	 2 
 Site168 	 2.10927804830399e-17 	 1 	 2 
 Site169 	 1 	 1 	 2 
 Site170 	 0.064480746851097 	 1 	 2 
 Site171 	 1 	 1 	 2 
 Site172 	 3.15034638007487e-05 	 1 	 2 
 Site173 	 4.97568241979777e-16 	 1 	 2 
 Site174 	 1 	 1 	 2 
 Site175 	 1 	 1 	 2 
 Site176 	 1 	 1 	 2 
 Site177 	 1 	 1 	 2 
 Site178 	 1.90255534985891e-177 	 1 	 2 
 Site179 	 0.961535582849879 	 1 	 2 
 Site180 	 0.967576230380549 	 1 	 2 
 Site181 	 5.09405869243238e-62 	 1 	 2 
 Site182 	 2.83658935749734e-63 	 1 	 2 
 Site183 	 5.50052806778988e-26 	 1 	 2 
 Site184 	 1.13691447010538e-26 	 1 	 2 
 Site185 	 1.84732612746705e-27 	 1 	 2 
 Site186 	 2.13320215181815e-25 	 1 	 2 
 Site187 	 0.998375999481157 	 1 	 2 
 Site188 	 1.2363208108868e-40 	 1 	 2 
 Site189 	 0.689019477589479 	 1 	 2 
 Site190 	 2.23345381987453e-25 	 1 	 2 
 Site191 	 1 	 1 	 2 
 Site192 	 3.89495424678124e-111 	 1 	 2 
 Site193 	 0.556944432926358 	 1 	 2 
 Site194 	 2.12585966585263e-17 	 1 	 2 
 Site195 	 0.877752766193151 	 1 	 2 
 Site196 	 6.18250145230704e-26 	 1 	 2 
 Site197 	 0.411828294183972 	 1 	 2 
 Site198 	 1.51382002136789e-27 	 1 	 2 
 Site199 	 3.28586075103186e-22 	 1 	 2 
 Site200 	 0.241733452551341 	 1 	 2 
 Site201 	 0.65754482093785 	 1 	 2 
 Site202 	 2.64709816095155e-07 	 1 	 2 
 Site203 	 0.568337499244898 	 1 	 2 
 Site204 	 0.967576230380549 	 1 	 2 
 Site205 	 0.267553142301999 	 1 	 2 
 Site206 	 1 	 1 	 2 
 Site207 	 4.57333905327122e-53 	 1 	 2 
 Site208 	 0.998966346605922 	 1 	 2 
 Site209 	 1 	 1 	 2 
 Site210 	 6.42095419673935e-12 	 1 	 2 
 Site211 	 0.990450802719086 	 1 	 2 
 Site212 	 1 	 1 	 2 
 Site213 	 2.94901631411372e-275 	 1 	 2 
 Site214 	 2.77568509849934e-19 	 1 	 2 
 Site215 	 2.82258253311708e-11 	 1 	 2 
 Site216 	 0.556938155854634 	 1 	 2 
 Site217 	 1.27777313941333e-24 	 1 	 2 
 Site218 	 2.3915422996575e-60 	 1 	 2 
 Site219 	 3.06304280281678e-22 	 1 	 2 
 Site220 	 0.568340219091369 	 1 	 2 
 Site221 	 0.0370350258865817 	 1 	 2 
 Site222 	 0.985898481183586 	 1 	 2 
 Site223 	 2.93419074299039e-55 	 1 	 2 
 Site224 	 0.961535582849879 	 1 	 2 
 Site225 	 1 	 1 	 2 
 Site226 	 0.877752766193151 	 1 	 2 
 Site227 	 0.983334508636116 	 1 	 2 
 Site228 	 3.76252497303023e-23 	 1 	 2 
 Site229 	 1.49916036354586e-90 	 1 	 2 
 Site230 	 0.994742343225609 	 1 	 2 
 Site231 	 0.997609893539338 	 1 	 2 
 Site232 	 0.507217261488514 	 1 	 2 
 Site233 	 2.96787403023498e-07 	 1 	 2 
 Site234 	 5.94640500243733e-26 	 1 	 2 
 Site235 	 2.71081446247819e-25 	 1 	 2 
 Site236 	 0.66097012370426 	 1 	 2 
 Site237 	 5.21372071524473e-17 	 1 	 2 
 Site238 	 0.00592475800386053 	 1 	 2 
 Site239 	 0.961535582849879 	 1 	 2 
 Site240 	 0.988272866878499 	 1 	 2 
 Site241 	 1 	 1 	 2 
 Site242 	 1.94834605923996e-25 	 1 	 2 
 Site243 	 1 	 1 	 2 
 Site244 	 0.79580505879841 	 1 	 2 
 Site245 	 0.961535582849879 	 1 	 2 
 Site246 	 2.94640430931002e-75 	 1 	 2 
 Site247 	 1 	 1 	 2 
 Site248 	 5.19340518218446e-126 	 1 	 2 
 Site249 	 2.21970314621131e-18 	 1 	 2 
 Site250 	 0.863331963812443 	 1 	 2 
 Site251 	 0.94872973668358 	 1 	 2 
 Site252 	 1 	 1 	 2 
 Site253 	 0.863331963812443 	 1 	 2 
 Site254 	 6.42820935074776e-26 	 1 	 2 
 Site255 	 0.928072635664326 	 1 	 2 
 Site256 	 0.985897682068296 	 1 	 2 
 Site257 	 2.6159008133944e-35 	 1 	 2 
 Site258 	 0.556942191466582 	 1 	 2 
 Site259 	 1 	 1 	 2 
 Site260 	 0.863331963812443 	 1 	 2 
 Site261 	 0.94872973668358 	 1 	 2 
 Site262 	 1 	 1 	 2 
 Site263 	 0.791464167045734 	 1 	 2 
 Site264 	 0.955242881162758 	 1 	 2 
 Site265 	 9.93619977545094e-25 	 1 	 2 
 Site266 	 1 	 1 	 2 
 Site267 	 0.863331963812443 	 1 	 2 
 Site268 	 0.985897682068296 	 1 	 2 
 Site269 	 0.998376135951137 	 1 	 2 
 Site270 	 1.40543883568685e-21 	 1 	 2 
 Site271 	 6.18266203140701e-26 	 1 	 2 
 Site272 	 0.00739552971139215 	 1 	 2 
 Site273 	 6.82290764911617e-29 	 1 	 2 
 Site274 	 1.01576522349567e-21 	 1 	 2 
 Site275 	 0.0555588394283659 	 1 	 2 
 Site276 	 7.56502256124525e-97 	 1 	 2 
 Site277 	 6.99173584745905e-12 	 1 	 2 
 Site278 	 0.551291137773699 	 1 	 2 
 Site279 	 1 	 1 	 2 
 Site280 	 1 	 1 	 2 
 Site281 	 0.849142174939023 	 1 	 2 
 Site282 	 4.9992994944711e-76 	 1 	 2 
 Site283 	 0.942012171395576 	 1 	 2 
 Site284 	 0.935122864317532 	 1 	 2 
 Site285 	 3.35462932830907e-05 	 1 	 2 
 Site286 	 0.935119820155482 	 1 	 2 
 Site287 	 2.46822058381197e-140 	 1 	 2 
 Site288 	 7.96819121625533e-135 	 1 	 2 
 Site289 	 1 	 1 	 2 
 Site290 	 4.59802388764659e-05 	 1 	 2 
 Site291 	 2.72008158919706e-60 	 1 	 2 
 Site292 	 0.955241991161868 	 1 	 2 
 Site293 	 1 	 1 	 2 
 Site294 	 6.94759305156752e-110 	 1 	 2 
 Site295 	 0.993717125578169 	 1 	 2 
 Site296 	 0.983333280658921 	 1 	 2 
 Site297 	 0.452178344781616 	 1 	 2 
 Site298 	 5.53041994124178e-17 	 1 	 2 
 Site299 	 9.05340107023866e-20 	 1 	 2 
 Site300 	 0.974566060049633 	 1 	 2 
 Site301 	 0.0204765930131163 	 1 	 2 
 Site302 	 0.98855136118823 	 1 	 2 
 Site303 	 0.843868049483725 	 1 	 2 
 Site304 	 1.47171920466579e-127 	 1 	 2 
 Site305 	 8.3699141828278e-17 	 1 	 2 
 Site306 	 0.532689032220691 	 1 	 2 
 Site307 	 0.0169156532431478 	 1 	 2 
 Site308 	 4.51702577041152e-21 	 1 	 2 
 Site309 	 1 	 1 	 2 
 Site310 	 2.38062440709002e-36 	 1 	 2 
 Site311 	 1 	 1 	 2 
 Site312 	 0.681617437799657 	 1 	 2 
 Site313 	 0.681617437799657 	 1 	 2 
 Site314 	 0.526078461619687 	 1 	 2 
 Site315 	 0.481476811431035 	 1 	 2 
 Site316 	 0.0660757588245015 	 1 	 2 
 Site317 	 0.327604071059687 	 1 	 2 
 Site318 	 2.96975033468341e-05 	 1 	 2 
 Site319 	 1 	 1 	 2 
 Site320 	 0.327604071059687 	 1 	 2 
 Site321 	 0.338824819861155 	 1 	 2 
 Site322 	 0.426042392264662 	 1 	 2 
 Site323 	 0.000126658171183371 	 1 	 2 
 Site324 	 4.56324534525692e-82 	 1 	 2 
 Site325 	 1 	 1 	 2 
 Site326 	 6.32281563509075e-25 	 1 	 2 
 Site327 	 3.00251368416683e-19 	 1 	 2 
 Site328 	 9.00909540288728e-21 	 1 	 2 
 Site329 	 0.296087287053392 	 1 	 2 
 Site330 	 0.296087287053392 	 1 	 2 
 Site331 	 0.296087287053392 	 1 	 2 
 Site332 	 0.258660997682028 	 1 	 2 
 Site333 	 0.481147023042594 	 1 	 2 
 Site334 	 0.245860442012604 	 1 	 2 
 Site335 	 0.585655007601219 	 1 	 2 
 Site336 	 0.720365707416066 	 1 	 2 
 Site337 	 0.585657586447471 	 1 	 2 
 Site338 	 0.428435848657502 	 1 	 2 
 Site339 	 4.82138221137405e-161 	 1 	 2 
 Site340 	 1.05019935278224e-268 	 1 	 2 
 Site341 	 1.8487055135532e-20 	 1 	 2 
 Site342 	 7.94033610535615e-28 	 1 	 2 
 Site343 	 0.570621075415546 	 1 	 2 
 Site344 	 2.92551828497979e-27 	 1 	 2 
 Site345 	 1.06104730058282e-22 	 1 	 2 
 Site346 	 5.5089641117358e-248 	 1 	 2 
 Site347 	 0.885062350812915 	 1 	 2 
 Site348 	 5.87221339330253e-88 	 1 	 2 
 Site349 	 1.14000752821204e-06 	 1 	 2 
 Site350 	 2.33128764516472e-98 	 1 	 2 
 Site351 	 0.578738665604606 	 1 	 2 
 Site352 	 3.33208530178374e-218 	 1 	 2 
 Site353 	 0.237674776480661 	 1 	 2 
"
