"resultMC"
"1" "Site Number	P-Value for Pairwise Comparison	Group 1 in Comparison	Group 2 in Comparison
 Site1 	 5.46664761480645e-32 	 1 	 2 
 Site2 	 1 	 1 	 2 
 Site3 	 3.086936875714e-31 	 1 	 2 
 Site4 	 1.80069878618112e-30 	 1 	 2 
 Site5 	 2.11583827984268e-308 	 1 	 2 
 Site6 	 1 	 1 	 2 
 Site7 	 1 	 1 	 2 
 Site8 	 1.52877397308281e-245 	 1 	 2 
 Site9 	 4.54155220982565e-283 	 1 	 2 
 Site10 	 1 	 1 	 2 
 Site11 	 1 	 1 	 2 
 Site12 	 5.4078855697372e-30 	 1 	 2 
 Site13 	 7.60020010972709e-59 	 1 	 2 
 Site14 	 6.68641058457839e-236 	 1 	 2 
 Site15 	 2.06443952938563e-31 	 1 	 2 
 Site16 	 3.46391372943265e-32 	 1 	 2 
 Site17 	 1.79623582821353e-50 	 1 	 2 
 Site18 	 3.77201476289006e-31 	 1 	 2 
 Site19 	 1.79793579801951e-199 	 1 	 2 
 Site20 	 1.93477941292312e-30 	 1 	 2 
 Site21 	 1 	 1 	 2 
 Site22 	 2.84400440564638e-276 	 1 	 2 
 Site23 	 1 	 1 	 2 
 Site24 	 1 	 1 	 2 
 Site25 	 1.07384608522945e-26 	 1 	 2 
 Site26 	 1.82939802778769e-246 	 1 	 2 
 Site27 	 2.71205103433523e-244 	 1 	 2 
 Site28 	 1.92497644022785e-24 	 1 	 2 
 Site29 	 7.30410392779943e-243 	 1 	 2 
 Site30 	 6.92661769044599e-244 	 1 	 2 
 Site31 	 9.21511753907069e-243 	 1 	 2 
 Site32 	 1.62372456534277e-21 	 1 	 2 
 Site33 	 1.67898031128051e-05 	 1 	 2 
 Site34 	 8.98543758380169e-226 	 1 	 2 
 Site35 	 1.67747642300892e-229 	 1 	 2 
 Site36 	 6.10946920056546e-276 	 1 	 2 
 Site37 	 2.24948918196483e-311 	 1 	 2 
 Site38 	 2.19768811553289e-200 	 1 	 2 
 Site39 	 0.66541740494173 	 1 	 2 
 Site40 	 1 	 1 	 2 
 Site41 	 1 	 1 	 2 
 Site42 	 0.435894404902193 	 1 	 2 
 Site43 	 3.49865332115512e-144 	 1 	 2 
 Site44 	 1 	 1 	 2 
 Site45 	 1.61140989588706e-201 	 1 	 2 
 Site46 	 4.29195560806055e-39 	 1 	 2 
 Site47 	 1 	 1 	 2 
 Site48 	 4.85662757860603e-116 	 1 	 2 
 Site49 	 1.65335948555038e-05 	 1 	 2 
 Site50 	 1 	 1 	 2 
 Site51 	 1.86195383740702e-203 	 1 	 2 
 Site52 	 5.93111869961255e-102 	 1 	 2 
 Site53 	 0.00709754909273748 	 1 	 2 
 Site54 	 1 	 1 	 2 
 Site55 	 0.506402977484449 	 1 	 2 
 Site56 	 0.460899961142529 	 1 	 2 
 Site57 	 4.99104876745038e-196 	 1 	 2 
 Site58 	 1.84296636422864e-18 	 1 	 2 
 Site59 	 0.0487178568641426 	 1 	 2 
 Site60 	 4.69989530480015e-317 	 1 	 2 
 Site61 	 4.95799835222113e-192 	 1 	 2 
 Site62 	 0.000116639199994943 	 1 	 2 
 Site63 	 1.79203742865904e-86 	 1 	 2 
 Site64 	 0.00180032038222685 	 1 	 2 
 Site65 	 1.69666712272517e-203 	 1 	 2 
 Site66 	 1 	 1 	 2 
 Site67 	 1.04120290626094e-69 	 1 	 2 
 Site68 	 0.366154166305109 	 1 	 2 
 Site69 	 1.20314036804599e-227 	 1 	 2 
 Site70 	 4.58675740224202e-231 	 1 	 2 
 Site71 	 1.46622892627665e-216 	 1 	 2 
 Site72 	 1 	 1 	 2 
 Site73 	 1 	 1 	 2 
 Site74 	 0.121987390435073 	 1 	 2 
 Site75 	 9.20257147198262e-07 	 1 	 2 
 Site76 	 0.0170171441987346 	 1 	 2 
 Site77 	 1 	 1 	 2 
 Site78 	 1.09312321843566e-213 	 1 	 2 
 Site79 	 2.33031813792166e-06 	 1 	 2 
 Site80 	 1 	 1 	 2 
 Site81 	 0.00329793330789547 	 1 	 2 
 Site82 	 1.70406764093971e-13 	 1 	 2 
 Site83 	 1 	 1 	 2 
 Site84 	 7.54966174551381e-315 	 1 	 2 
 Site85 	 2.20600986565158e-266 	 1 	 2 
 Site86 	 6.68827065940699e-141 	 1 	 2 
 Site87 	 6.46460796509753e-190 	 1 	 2 
 Site88 	 1 	 1 	 2 
 Site89 	 1 	 1 	 2 
 Site90 	 1 	 1 	 2 
 Site91 	 2.54799363620479e-199 	 1 	 2 
 Site92 	 1.6745947041901e-215 	 1 	 2 
 Site93 	 1 	 1 	 2 
 Site94 	 1 	 1 	 2 
 Site95 	 4.98415286528987e-21 	 1 	 2 
 Site96 	 1 	 1 	 2 
 Site97 	 1 	 1 	 2 
 Site98 	 1 	 1 	 2 
 Site99 	 1 	 1 	 2 
 Site100 	 3.82084339819241e-194 	 1 	 2 
 Site101 	 3.08936446514791e-234 	 1 	 2 
 Site102 	 1 	 1 	 2 
 Site103 	 1 	 1 	 2 
 Site104 	 1.13526782546469e-152 	 1 	 2 
 Site105 	 1 	 1 	 2 
 Site106 	 1.11426221679415e-226 	 1 	 2 
 Site107 	 9.74149617436192e-264 	 1 	 2 
 Site108 	 5.82806568425782e-260 	 1 	 2 
 Site109 	 1 	 1 	 2 
 Site110 	 1.37885262739648e-223 	 1 	 2 
 Site111 	 1.68829726872256e-176 	 1 	 2 
 Site112 	 4.11514984454049e-260 	 1 	 2 
 Site113 	 8.31649958055819e-214 	 1 	 2 
 Site114 	 2.0956163577512e-233 	 1 	 2 
 Site115 	 0.190787870697425 	 1 	 2 
 Site116 	 0.0351424999823066 	 1 	 2 
 Site117 	 1 	 1 	 2 
 Site118 	 0.211345146244101 	 1 	 2 
 Site119 	 0.162298120097795 	 1 	 2 
 Site120 	 0.0445752215907779 	 1 	 2 
 Site121 	 1.27310367589918e-227 	 1 	 2 
 Site122 	 5.67651877102011e-229 	 1 	 2 
 Site123 	 1 	 1 	 2 
 Site124 	 1 	 1 	 2 
 Site125 	 1 	 1 	 2 
 Site126 	 1 	 1 	 2 
 Site127 	 2.33739221368735e-176 	 1 	 2 
 Site128 	 1 	 1 	 2 
 Site129 	 1 	 1 	 2 
 Site130 	 0.0559207139491903 	 1 	 2 
 Site131 	 1 	 1 	 2 
 Site132 	 9.42350814088392e-93 	 1 	 2 
 Site133 	 0.0992300196010853 	 1 	 2 
 Site134 	 1 	 1 	 2 
 Site135 	 7.7122619786094e-207 	 1 	 2 
 Site136 	 0.29722571219499 	 1 	 2 
 Site137 	 0.41105778432117 	 1 	 2 
 Site138 	 1.04173557388688e-16 	 1 	 2 
 Site139 	 1 	 1 	 2 
 Site140 	 2.81147336853073e-18 	 1 	 2 
 Site141 	 1 	 1 	 2 
 Site142 	 0.00100010728022495 	 1 	 2 
 Site143 	 0.0370945231811007 	 1 	 2 
 Site144 	 0.0711365057550081 	 1 	 2 
 Site145 	 1 	 1 	 2 
 Site146 	 1 	 1 	 2 
 Site147 	 1 	 1 	 2 
 Site148 	 0.271790861379552 	 1 	 2 
 Site149 	 1.06663215049395e-05 	 1 	 2 
 Site150 	 0.41105778432117 	 1 	 2 
 Site151 	 0.0992300196010853 	 1 	 2 
 Site152 	 1.28387074314196e-286 	 1 	 2 
 Site153 	 1 	 1 	 2 
 Site154 	 1.44943073685166e-39 	 1 	 2 
 Site155 	 8.23903214596501e-23 	 1 	 2 
 Site156 	 0.00603041510722355 	 1 	 2 
 Site157 	 1.06663215049395e-05 	 1 	 2 
 Site158 	 2.09562252409884e-233 	 1 	 2 
 Site159 	 0.0555216207874855 	 1 	 2 
 Site160 	 0.000346205031541376 	 1 	 2 
 Site161 	 0.0992300196010853 	 1 	 2 
 Site162 	 1 	 1 	 2 
 Site163 	 2.35937577657159e-189 	 1 	 2 
 Site164 	 1.11698725387454e-140 	 1 	 2 
 Site165 	 0.0117744948966942 	 1 	 2 
 Site166 	 3.88835882939942e-231 	 1 	 2 
 Site167 	 1.1384643462358e-229 	 1 	 2 
 Site168 	 4.87304747528963e-159 	 1 	 2 
 Site169 	 8.39081862957569e-21 	 1 	 2 
 Site170 	 9.44051661448035e-11 	 1 	 2 
 Site171 	 7.35407088393454e-265 	 1 	 2 
 Site172 	 1 	 1 	 2 
 Site173 	 5.61951435633478e-146 	 1 	 2 
 Site174 	 1 	 1 	 2 
 Site175 	 1 	 1 	 2 
 Site176 	 1 	 1 	 2 
 Site177 	 1 	 1 	 2 
 Site178 	 1 	 1 	 2 
 Site179 	 0.41105778432117 	 1 	 2 
 Site180 	 0.134518412770518 	 1 	 2 
 Site181 	 1 	 1 	 2 
 Site182 	 1 	 1 	 2 
 Site183 	 3.20802175099655e-231 	 1 	 2 
 Site184 	 5.4244162088268e-232 	 1 	 2 
 Site185 	 4.4397242328174e-234 	 1 	 2 
 Site186 	 3.75346428222014e-222 	 1 	 2 
 Site187 	 0.0215337304672786 	 1 	 2 
 Site188 	 1 	 1 	 2 
 Site189 	 9.16006032714286e-06 	 1 	 2 
 Site190 	 1.81449384820503e-225 	 1 	 2 
 Site191 	 1 	 1 	 2 
 Site192 	 1 	 1 	 2 
 Site193 	 5.89460094209151e-05 	 1 	 2 
 Site194 	 3.65108711115362e-150 	 1 	 2 
 Site195 	 0.271790861379552 	 1 	 2 
 Site196 	 1.21173790732915e-231 	 1 	 2 
 Site197 	 2.8313839485763e-05 	 1 	 2 
 Site198 	 6.27068343982914e-231 	 1 	 2 
 Site199 	 4.77289076323316e-200 	 1 	 2 
 Site200 	 8.04104597873403e-06 	 1 	 2 
 Site201 	 0.200870121186907 	 1 	 2 
 Site202 	 0.0167761878008379 	 1 	 2 
 Site203 	 6.96557049785303e-05 	 1 	 2 
 Site204 	 0.53616133518934 	 1 	 2 
 Site205 	 1.85793527296829e-05 	 1 	 2 
 Site206 	 1 	 1 	 2 
 Site207 	 1 	 1 	 2 
 Site208 	 0.122642415483915 	 1 	 2 
 Site209 	 1 	 1 	 2 
 Site210 	 2.86912852039758e-65 	 1 	 2 
 Site211 	 0.211345146244101 	 1 	 2 
 Site212 	 5.11350641952436e-34 	 1 	 2 
 Site213 	 1 	 1 	 2 
 Site214 	 5.93247300131538e-172 	 1 	 2 
 Site215 	 1 	 1 	 2 
 Site216 	 1.1269205329632e-05 	 1 	 2 
 Site217 	 1.60090488109892e-230 	 1 	 2 
 Site218 	 1 	 1 	 2 
 Site219 	 1.65700879674283e-199 	 1 	 2 
 Site220 	 1.46254996386422e-05 	 1 	 2 
 Site221 	 3.91585186444665e-46 	 1 	 2 
 Site222 	 0.172030341461185 	 1 	 2 
 Site223 	 1 	 1 	 2 
 Site224 	 0.484010292633683 	 1 	 2 
 Site225 	 1 	 1 	 2 
 Site226 	 0.336104772106152 	 1 	 2 
 Site227 	 0.0330911024425334 	 1 	 2 
 Site228 	 6.55203705968491e-203 	 1 	 2 
 Site229 	 6.15949278464797e-235 	 1 	 2 
 Site230 	 0.00429538163482474 	 1 	 2 
 Site231 	 0.256951419128767 	 1 	 2 
 Site232 	 1.38915461959984e-05 	 1 	 2 
 Site233 	 1.89163299485899e-05 	 1 	 2 
 Site234 	 4.49402383549152e-230 	 1 	 2 
 Site235 	 2.32921941233356e-228 	 1 	 2 
 Site236 	 3.69956665233546e-14 	 1 	 2 
 Site237 	 1.13739649569975e-155 	 1 	 2 
 Site238 	 9.71170845490758e-38 	 1 	 2 
 Site239 	 0.119506430311903 	 1 	 2 
 Site240 	 0.605089904849154 	 1 	 2 
 Site241 	 1 	 1 	 2 
 Site242 	 1.00004148201603e-216 	 1 	 2 
 Site243 	 6.78120257928723e-45 	 1 	 2 
 Site244 	 5.94722034989394e-05 	 1 	 2 
 Site245 	 0.119506430311903 	 1 	 2 
 Site246 	 4.00711559975334e-198 	 1 	 2 
 Site247 	 1 	 1 	 2 
 Site248 	 1 	 1 	 2 
 Site249 	 2.72364417059472e-157 	 1 	 2 
 Site250 	 0.293157333689955 	 1 	 2 
 Site251 	 0.391751561562787 	 1 	 2 
 Site252 	 1 	 1 	 2 
 Site253 	 0.293157333689955 	 1 	 2 
 Site254 	 3.21423387915722e-230 	 1 	 2 
 Site255 	 0.281523872892854 	 1 	 2 
 Site256 	 0.172030212263413 	 1 	 2 
 Site257 	 1 	 1 	 2 
 Site258 	 5.37797822258251e-05 	 1 	 2 
 Site259 	 3.46772589833288e-49 	 1 	 2 
 Site260 	 0.293157333689955 	 1 	 2 
 Site261 	 0.330902118720578 	 1 	 2 
 Site262 	 1 	 1 	 2 
 Site263 	 5.26419783904938e-05 	 1 	 2 
 Site264 	 0.106096795286562 	 1 	 2 
 Site265 	 1 	 1 	 2 
 Site266 	 3.46872848165826e-256 	 1 	 2 
 Site267 	 0.293157333689955 	 1 	 2 
 Site268 	 0.558296015130353 	 1 	 2 
 Site269 	 0.0253363738332299 	 1 	 2 
 Site270 	 5.12293551815289e-199 	 1 	 2 
 Site271 	 1.45254825266076e-229 	 1 	 2 
 Site272 	 2.99866351306221e-35 	 1 	 2 
 Site273 	 1.1156162705529e-101 	 1 	 2 
 Site274 	 1.30958506574911e-191 	 1 	 2 
 Site275 	 1.16366514879703e-19 	 1 	 2 
 Site276 	 1 	 1 	 2 
 Site277 	 8.82439874879025e-18 	 1 	 2 
 Site278 	 1.30494490412724e-05 	 1 	 2 
 Site279 	 6.99381829647557e-108 	 1 	 2 
 Site280 	 1 	 1 	 2 
 Site281 	 0.597753385818379 	 1 	 2 
 Site282 	 1 	 1 	 2 
 Site283 	 0.174368798867327 	 1 	 2 
 Site284 	 0.517961001716964 	 1 	 2 
 Site285 	 1.1221961483264e-34 	 1 	 2 
 Site286 	 0.155166936559573 	 1 	 2 
 Site287 	 1.23462558304915e-318 	 1 	 2 
 Site288 	 1 	 1 	 2 
 Site289 	 1 	 1 	 2 
 Site290 	 3.14203757361118e-05 	 1 	 2 
 Site291 	 1 	 1 	 2 
 Site292 	 0.219600818483822 	 1 	 2 
 Site293 	 4.93522728777917e-21 	 1 	 2 
 Site294 	 1 	 1 	 2 
 Site295 	 0.832798395335798 	 1 	 2 
 Site296 	 0.813871632043642 	 1 	 2 
 Site297 	 5.46583900868885e-07 	 1 	 2 
 Site298 	 1.04139751589571e-149 	 1 	 2 
 Site299 	 7.79095248035449e-191 	 1 	 2 
 Site300 	 0.66406498459235 	 1 	 2 
 Site301 	 2.34837268398283e-19 	 1 	 2 
 Site302 	 0.185143736099375 	 1 	 2 
 Site303 	 0.203808444937539 	 1 	 2 
 Site304 	 1 	 1 	 2 
 Site305 	 1.04980459195501e-155 	 1 	 2 
 Site306 	 1.0054272251748e-18 	 1 	 2 
 Site307 	 1.95714117954576e-31 	 1 	 2 
 Site308 	 2.47795921572091e-189 	 1 	 2 
 Site309 	 3.70108444262803e-33 	 1 	 2 
 Site310 	 1 	 1 	 2 
 Site311 	 6.97504069092502e-232 	 1 	 2 
 Site312 	 4.0467429029549e-18 	 1 	 2 
 Site313 	 2.17312256239593e-17 	 1 	 2 
 Site314 	 4.83678694918218e-18 	 1 	 2 
 Site315 	 1.94610156384913e-18 	 1 	 2 
 Site316 	 5.57729849832088e-30 	 1 	 2 
 Site317 	 6.54057171295427e-19 	 1 	 2 
 Site318 	 7.23057559919324e-37 	 1 	 2 
 Site319 	 1.68299858265823e-49 	 1 	 2 
 Site320 	 6.54057171295427e-19 	 1 	 2 
 Site321 	 8.50664754525492e-19 	 1 	 2 
 Site322 	 1.00659427824968e-21 	 1 	 2 
 Site323 	 1.19256776551278e-33 	 1 	 2 
 Site324 	 1.59393969254277e-269 	 1 	 2 
 Site325 	 1 	 1 	 2 
 Site326 	 1.06653968654459e-228 	 1 	 2 
 Site327 	 4.13014778332246e-188 	 1 	 2 
 Site328 	 1.15106977461034e-196 	 1 	 2 
 Site329 	 6.39354315217447e-20 	 1 	 2 
 Site330 	 6.39354315217447e-20 	 1 	 2 
 Site331 	 6.39354315217447e-20 	 1 	 2 
 Site332 	 2.11922745238031e-25 	 1 	 2 
 Site333 	 8.36112583726456e-27 	 1 	 2 
 Site334 	 6.30246875532464e-25 	 1 	 2 
 Site335 	 1.05607768614863e-24 	 1 	 2 
 Site336 	 2.93308285722028e-23 	 1 	 2 
 Site337 	 5.77510436228694e-24 	 1 	 2 
 Site338 	 1.10015782713858e-24 	 1 	 2 
 Site339 	 1 	 1 	 2 
 Site340 	 1 	 1 	 2 
 Site341 	 1.26254800626727e-206 	 1 	 2 
 Site342 	 3.46646912240128e-241 	 1 	 2 
 Site343 	 7.34082742067023e-25 	 1 	 2 
 Site344 	 1.19125389144979e-238 	 1 	 2 
 Site345 	 1.60919061963945e-213 	 1 	 2 
 Site346 	 1.9386093852147e-105 	 1 	 2 
 Site347 	 4.76631144149911e-24 	 1 	 2 
 Site348 	 1 	 1 	 2 
 Site349 	 1.35989412238634e-24 	 1 	 2 
 Site350 	 1 	 1 	 2 
 Site351 	 1.83194591029137e-25 	 1 	 2 
 Site352 	 1 	 1 	 2 
 Site353 	 2.57300481307102e-26 	 1 	 2 
"
