"resultMC"
"1" "Site Number	P-Value for Pairwise Comparison	Group 1 in Comparison	Group 2 in Comparison
 Site1 	 0.458242359685168 	 1 	 2 
 Site2 	 1 	 1 	 2 
 Site3 	 0.429810031084749 	 1 	 2 
 Site4 	 0.492275433272418 	 1 	 2 
 Site5 	 8.18735316338941e-109 	 1 	 2 
 Site6 	 4.48302329589892e-78 	 1 	 2 
 Site7 	 1 	 1 	 2 
 Site8 	 6.28021046162617e-131 	 1 	 2 
 Site9 	 1.57713745722167e-152 	 1 	 2 
 Site10 	 3.91966980128153e-319 	 1 	 2 
 Site11 	 4.83743184278391e-314 	 1 	 2 
 Site12 	 0.881317397135916 	 1 	 2 
 Site13 	 1.82016591115381e-18 	 1 	 2 
 Site14 	 3.44500044950514e-127 	 1 	 2 
 Site15 	 0.249298887012189 	 1 	 2 
 Site16 	 0.371282148514932 	 1 	 2 
 Site17 	 1.73157616160676e-47 	 1 	 2 
 Site18 	 0.543602209462404 	 1 	 2 
 Site19 	 8.0223056437532e-107 	 1 	 2 
 Site20 	 0.515949705101393 	 1 	 2 
 Site21 	 2.57713321750122e-219 	 1 	 2 
 Site22 	 1.45361491783267e-154 	 1 	 2 
 Site23 	 3.86973052870495e-82 	 1 	 2 
 Site24 	 1 	 1 	 2 
 Site25 	 0.000664878129804742 	 1 	 2 
 Site26 	 1.28612082795426e-135 	 1 	 2 
 Site27 	 2.06253279119388e-134 	 1 	 2 
 Site28 	 0.469326537412112 	 1 	 2 
 Site29 	 2.85016970005295e-134 	 1 	 2 
 Site30 	 1.58008002827255e-135 	 1 	 2 
 Site31 	 9.01547774768821e-134 	 1 	 2 
 Site32 	 0.411627577127835 	 1 	 2 
 Site33 	 0.02490807253922 	 1 	 2 
 Site34 	 5.92377515968244e-135 	 1 	 2 
 Site35 	 1.04953387790337e-136 	 1 	 2 
 Site36 	 1 	 1 	 2 
 Site37 	 1 	 1 	 2 
 Site38 	 4.78888530941314e-117 	 1 	 2 
 Site39 	 0.784936336412531 	 1 	 2 
 Site40 	 1 	 1 	 2 
 Site41 	 1.17400556748747e-290 	 1 	 2 
 Site42 	 0.00352174673408636 	 1 	 2 
 Site43 	 3.16451444143026e-85 	 1 	 2 
 Site44 	 1 	 1 	 2 
 Site45 	 1.35722975382385e-119 	 1 	 2 
 Site46 	 1.23810897233306e-22 	 1 	 2 
 Site47 	 1 	 1 	 2 
 Site48 	 1 	 1 	 2 
 Site49 	 0.00567354428018306 	 1 	 2 
 Site50 	 1 	 1 	 2 
 Site51 	 2.97387834260881e-126 	 1 	 2 
 Site52 	 1 	 1 	 2 
 Site53 	 0.768872493486641 	 1 	 2 
 Site54 	 5.41033935984393e-86 	 1 	 2 
 Site55 	 0.666956653213172 	 1 	 2 
 Site56 	 0.569519442059041 	 1 	 2 
 Site57 	 2.31009829578865e-116 	 1 	 2 
 Site58 	 1.04410315013486e-09 	 1 	 2 
 Site59 	 0.886018495219326 	 1 	 2 
 Site60 	 1 	 1 	 2 
 Site61 	 1.31542799010938e-113 	 1 	 2 
 Site62 	 0.00788713252524679 	 1 	 2 
 Site63 	 1 	 1 	 2 
 Site64 	 0.617892078072466 	 1 	 2 
 Site65 	 3.22021943487211e-121 	 1 	 2 
 Site66 	 1 	 1 	 2 
 Site67 	 1 	 1 	 2 
 Site68 	 0.485584266459696 	 1 	 2 
 Site69 	 1.22608015484015e-136 	 1 	 2 
 Site70 	 1.30565370732479e-135 	 1 	 2 
 Site71 	 7.004657921671e-117 	 1 	 2 
 Site72 	 1 	 1 	 2 
 Site73 	 1 	 1 	 2 
 Site74 	 0.784936336412531 	 1 	 2 
 Site75 	 0.00733310280887398 	 1 	 2 
 Site76 	 0.666957803883072 	 1 	 2 
 Site77 	 1 	 1 	 2 
 Site78 	 7.25752472335925e-126 	 1 	 2 
 Site79 	 0.00508512174481968 	 1 	 2 
 Site80 	 1 	 1 	 2 
 Site81 	 0.0423146180265291 	 1 	 2 
 Site82 	 1.85954491325809e-07 	 1 	 2 
 Site83 	 1 	 1 	 2 
 Site84 	 1 	 1 	 2 
 Site85 	 1.44415188531344e-159 	 1 	 2 
 Site86 	 5.39134252100367e-81 	 1 	 2 
 Site87 	 3.97732591075855e-122 	 1 	 2 
 Site88 	 6.12450998163839e-60 	 1 	 2 
 Site89 	 1.83423574522937e-68 	 1 	 2 
 Site90 	 6.36740722558441e-82 	 1 	 2 
 Site91 	 1.37564877410671e-117 	 1 	 2 
 Site92 	 5.41997478970064e-132 	 1 	 2 
 Site93 	 1 	 1 	 2 
 Site94 	 1 	 1 	 2 
 Site95 	 5.58177249881033e-13 	 1 	 2 
 Site96 	 1 	 1 	 2 
 Site97 	 1 	 1 	 2 
 Site98 	 1 	 1 	 2 
 Site99 	 1 	 1 	 2 
 Site100 	 2.78265896049551e-115 	 1 	 2 
 Site101 	 2.43502658688418e-137 	 1 	 2 
 Site102 	 1 	 1 	 2 
 Site103 	 1 	 1 	 2 
 Site104 	 7.11424027063187e-90 	 1 	 2 
 Site105 	 1 	 1 	 2 
 Site106 	 8.39417533411657e-136 	 1 	 2 
 Site107 	 1.68707036688491e-153 	 1 	 2 
 Site108 	 5.73749893145214e-153 	 1 	 2 
 Site109 	 1 	 1 	 2 
 Site110 	 1.07965594521341e-128 	 1 	 2 
 Site111 	 4.26854791746986e-103 	 1 	 2 
 Site112 	 2.0769639618083e-144 	 1 	 2 
 Site113 	 5.08809158232838e-126 	 1 	 2 
 Site114 	 9.7304480399709e-139 	 1 	 2 
 Site115 	 0.00873738074430311 	 1 	 2 
 Site116 	 0.0124897301568823 	 1 	 2 
 Site117 	 1 	 1 	 2 
 Site118 	 0.114380333090252 	 1 	 2 
 Site119 	 0.107257029838046 	 1 	 2 
 Site120 	 0.00451238708184695 	 1 	 2 
 Site121 	 7.99723751154495e-132 	 1 	 2 
 Site122 	 1.09485697529411e-141 	 1 	 2 
 Site123 	 8.56286858403498e-307 	 1 	 2 
 Site124 	 1 	 1 	 2 
 Site125 	 1 	 1 	 2 
 Site126 	 1 	 1 	 2 
 Site127 	 2.19782245983009e-104 	 1 	 2 
 Site128 	 1 	 1 	 2 
 Site129 	 1 	 1 	 2 
 Site130 	 0.775328033119284 	 1 	 2 
 Site131 	 1 	 1 	 2 
 Site132 	 1 	 1 	 2 
 Site133 	 0.691503152786299 	 1 	 2 
 Site134 	 1 	 1 	 2 
 Site135 	 1.98233572783175e-124 	 1 	 2 
 Site136 	 0.856610641875371 	 1 	 2 
 Site137 	 0.691503152786299 	 1 	 2 
 Site138 	 3.16152446486564e-09 	 1 	 2 
 Site139 	 1 	 1 	 2 
 Site140 	 5.85167679747129e-10 	 1 	 2 
 Site141 	 1 	 1 	 2 
 Site142 	 0.720935468686929 	 1 	 2 
 Site143 	 0.100546610391804 	 1 	 2 
 Site144 	 0.298398623448376 	 1 	 2 
 Site145 	 1 	 1 	 2 
 Site146 	 1 	 1 	 2 
 Site147 	 1 	 1 	 2 
 Site148 	 0.522297806768833 	 1 	 2 
 Site149 	 0.00547276434689061 	 1 	 2 
 Site150 	 0.0590654717590142 	 1 	 2 
 Site151 	 0.691503152786299 	 1 	 2 
 Site152 	 1 	 1 	 2 
 Site153 	 1 	 1 	 2 
 Site154 	 5.84036309622438e-24 	 1 	 2 
 Site155 	 1.4643221368745e-12 	 1 	 2 
 Site156 	 0.875822716982463 	 1 	 2 
 Site157 	 0.014577161566378 	 1 	 2 
 Site158 	 1.00244263148335e-137 	 1 	 2 
 Site159 	 0.834029964911784 	 1 	 2 
 Site160 	 0.023151313306652 	 1 	 2 
 Site161 	 0.691503152786299 	 1 	 2 
 Site162 	 1 	 1 	 2 
 Site163 	 9.40730060141248e-111 	 1 	 2 
 Site164 	 1.49161263070354e-136 	 1 	 2 
 Site165 	 0.804965272015797 	 1 	 2 
 Site166 	 8.81856579134996e-136 	 1 	 2 
 Site167 	 7.35231322940428e-137 	 1 	 2 
 Site168 	 1.99591511119153e-95 	 1 	 2 
 Site169 	 2.07275825638498e-11 	 1 	 2 
 Site170 	 0.00267525480786717 	 1 	 2 
 Site171 	 6.51068299334705e-157 	 1 	 2 
 Site172 	 2.37341987331035e-28 	 1 	 2 
 Site173 	 4.43277358384856e-85 	 1 	 2 
 Site174 	 1 	 1 	 2 
 Site175 	 7.81402219667322e-315 	 1 	 2 
 Site176 	 1.23293152498532e-86 	 1 	 2 
 Site177 	 1 	 1 	 2 
 Site178 	 1 	 1 	 2 
 Site179 	 0.691503152786299 	 1 	 2 
 Site180 	 0.729834572555989 	 1 	 2 
 Site181 	 1 	 1 	 2 
 Site182 	 1 	 1 	 2 
 Site183 	 4.82944670857233e-136 	 1 	 2 
 Site184 	 1.22034272000231e-137 	 1 	 2 
 Site185 	 8.99279731095534e-139 	 1 	 2 
 Site186 	 4.37438569230657e-131 	 1 	 2 
 Site187 	 0.893241715739172 	 1 	 2 
 Site188 	 1.39065170133697e-111 	 1 	 2 
 Site189 	 0.0243024991016063 	 1 	 2 
 Site190 	 3.30114264956977e-136 	 1 	 2 
 Site191 	 1 	 1 	 2 
 Site192 	 1 	 1 	 2 
 Site193 	 0.00508514957854833 	 1 	 2 
 Site194 	 1.23320725208823e-89 	 1 	 2 
 Site195 	 0.522297806768833 	 1 	 2 
 Site196 	 1.42487919840707e-137 	 1 	 2 
 Site197 	 0.00269932726209379 	 1 	 2 
 Site198 	 1.20231971499992e-136 	 1 	 2 
 Site199 	 9.64383642501233e-118 	 1 	 2 
 Site200 	 0.000915485352040189 	 1 	 2 
 Site201 	 0.323436528710704 	 1 	 2 
 Site202 	 0.00356341668757595 	 1 	 2 
 Site203 	 0.000408031298919225 	 1 	 2 
 Site204 	 0.729834572555989 	 1 	 2 
 Site205 	 0.001508648985508 	 1 	 2 
 Site206 	 1 	 1 	 2 
 Site207 	 4.7975420619446e-281 	 1 	 2 
 Site208 	 0.707196504787796 	 1 	 2 
 Site209 	 1 	 1 	 2 
 Site210 	 1 	 1 	 2 
 Site211 	 0.834029964911784 	 1 	 2 
 Site212 	 1.0791754031717e-19 	 1 	 2 
 Site213 	 2.64130216766516e-83 	 1 	 2 
 Site214 	 1.12109253858477e-99 	 1 	 2 
 Site215 	 1 	 1 	 2 
 Site216 	 0.00508512793088432 	 1 	 2 
 Site217 	 1.0728583331318e-134 	 1 	 2 
 Site218 	 1.54037927099306e-127 	 1 	 2 
 Site219 	 6.75875915873649e-118 	 1 	 2 
 Site220 	 0.0058892254223124 	 1 	 2 
 Site221 	 2.66751239912648e-12 	 1 	 2 
 Site222 	 0.77532853754556 	 1 	 2 
 Site223 	 3.03256559945278e-289 	 1 	 2 
 Site224 	 0.0590654717590142 	 1 	 2 
 Site225 	 8.48057678349641e-240 	 1 	 2 
 Site226 	 0.522297806768833 	 1 	 2 
 Site227 	 0.745386214511822 	 1 	 2 
 Site228 	 2.55863973804081e-127 	 1 	 2 
 Site229 	 3.02707227213674e-138 	 1 	 2 
 Site230 	 0.833876184819301 	 1 	 2 
 Site231 	 0.619194946627326 	 1 	 2 
 Site232 	 0.322755257877441 	 1 	 2 
 Site233 	 0.0021344288398911 	 1 	 2 
 Site234 	 7.1451117831205e-136 	 1 	 2 
 Site235 	 8.81858755791712e-136 	 1 	 2 
 Site236 	 0.000226594227014982 	 1 	 2 
 Site237 	 2.51760432853372e-91 	 1 	 2 
 Site238 	 4.95323861153449e-21 	 1 	 2 
 Site239 	 0.691503152786299 	 1 	 2 
 Site240 	 0.00873739576512717 	 1 	 2 
 Site241 	 4.04246704495778e-313 	 1 	 2 
 Site242 	 1.00245047632151e-129 	 1 	 2 
 Site243 	 2.0785467932587e-14 	 1 	 2 
 Site244 	 0.00884328036785935 	 1 	 2 
 Site245 	 0.691503152786299 	 1 	 2 
 Site246 	 8.67534953835482e-116 	 1 	 2 
 Site247 	 1 	 1 	 2 
 Site248 	 8.63119367195468e-258 	 1 	 2 
 Site249 	 1.96095128866767e-93 	 1 	 2 
 Site250 	 0.481398931108014 	 1 	 2 
 Site251 	 0.617892831197812 	 1 	 2 
 Site252 	 1 	 1 	 2 
 Site253 	 0.481398931108014 	 1 	 2 
 Site254 	 1.78059970407269e-136 	 1 	 2 
 Site255 	 0.656691664128121 	 1 	 2 
 Site256 	 0.775328033119284 	 1 	 2 
 Site257 	 1 	 1 	 2 
 Site258 	 0.00508514184845737 	 1 	 2 
 Site259 	 4.88025636264378e-26 	 1 	 2 
 Site260 	 0.481398931108014 	 1 	 2 
 Site261 	 0.617892831197812 	 1 	 2 
 Site262 	 1 	 1 	 2 
 Site263 	 0.0167964881237966 	 1 	 2 
 Site264 	 0.654128306739081 	 1 	 2 
 Site265 	 3.87696110667972e-154 	 1 	 2 
 Site266 	 9.91128465328906e-148 	 1 	 2 
 Site267 	 0.481398931108014 	 1 	 2 
 Site268 	 0.100546500071147 	 1 	 2 
 Site269 	 0.893242072955509 	 1 	 2 
 Site270 	 6.83087335391025e-117 	 1 	 2 
 Site271 	 1.4632275471803e-136 	 1 	 2 
 Site272 	 9.97896834477501e-19 	 1 	 2 
 Site273 	 1.46088640755024e-157 	 1 	 2 
 Site274 	 8.78418592423617e-113 	 1 	 2 
 Site275 	 5.16464726939347e-16 	 1 	 2 
 Site276 	 7.9933415110152e-309 	 1 	 2 
 Site277 	 4.19918680867699e-10 	 1 	 2 
 Site278 	 0.00472441568765553 	 1 	 2 
 Site279 	 1 	 1 	 2 
 Site280 	 8.90317982267447e-295 	 1 	 2 
 Site281 	 0.443692236043539 	 1 	 2 
 Site282 	 2.68726379951937e-186 	 1 	 2 
 Site283 	 0.58292183937157 	 1 	 2 
 Site284 	 0.549303963648921 	 1 	 2 
 Site285 	 9.83538197243138e-20 	 1 	 2 
 Site286 	 0.549303212197166 	 1 	 2 
 Site287 	 6.03106798862194e-172 	 1 	 2 
 Site288 	 1 	 1 	 2 
 Site289 	 1 	 1 	 2 
 Site290 	 0.00111503917418488 	 1 	 2 
 Site291 	 1 	 1 	 2 
 Site292 	 0.654128039268898 	 1 	 2 
 Site293 	 1.66386274059959e-09 	 1 	 2 
 Site294 	 1 	 1 	 2 
 Site295 	 0.00550289157790329 	 1 	 2 
 Site296 	 0.00337788424674806 	 1 	 2 
 Site297 	 9.57177823719923e-06 	 1 	 2 
 Site298 	 4.54322130049911e-87 	 1 	 2 
 Site299 	 7.53374576086029e-113 	 1 	 2 
 Site300 	 0.00252161346114544 	 1 	 2 
 Site301 	 6.00595481485557e-20 	 1 	 2 
 Site302 	 9.72685926982983e-08 	 1 	 2 
 Site303 	 2.55101543564989e-09 	 1 	 2 
 Site304 	 1 	 1 	 2 
 Site305 	 3.41198479359337e-85 	 1 	 2 
 Site306 	 0.0650150507764474 	 1 	 2 
 Site307 	 1.66854213427208e-09 	 1 	 2 
 Site308 	 7.00347076959972e-105 	 1 	 2 
 Site309 	 7.51897028764525e-11 	 1 	 2 
 Site310 	 1 	 1 	 2 
 Site311 	 3.2462448164542e-131 	 1 	 2 
 Site312 	 0.293816222754163 	 1 	 2 
 Site313 	 0.293816222754163 	 1 	 2 
 Site314 	 0.12575908420667 	 1 	 2 
 Site315 	 0.124734422239493 	 1 	 2 
 Site316 	 3.10861111418286e-08 	 1 	 2 
 Site317 	 0.0992976301684297 	 1 	 2 
 Site318 	 2.72905295230953e-12 	 1 	 2 
 Site319 	 2.27209506567747e-20 	 1 	 2 
 Site320 	 0.0992976301684297 	 1 	 2 
 Site321 	 0.029190401603958 	 1 	 2 
 Site322 	 0.00112934025629905 	 1 	 2 
 Site323 	 4.40937000077075e-11 	 1 	 2 
 Site324 	 1.09938499931629e-155 	 1 	 2 
 Site325 	 1 	 1 	 2 
 Site326 	 1.68099230162827e-128 	 1 	 2 
 Site327 	 1.5283140259533e-103 	 1 	 2 
 Site328 	 1.7429644624276e-107 	 1 	 2 
 Site329 	 0.115129547166737 	 1 	 2 
 Site330 	 0.115129547166737 	 1 	 2 
 Site331 	 0.115129547166737 	 1 	 2 
 Site332 	 0.179077725890988 	 1 	 2 
 Site333 	 0.0109149360611237 	 1 	 2 
 Site334 	 0.409685085005025 	 1 	 2 
 Site335 	 0.603271165814602 	 1 	 2 
 Site336 	 0.549140477180582 	 1 	 2 
 Site337 	 0.427780882095407 	 1 	 2 
 Site338 	 0.318053736590829 	 1 	 2 
 Site339 	 1 	 1 	 2 
 Site340 	 1 	 1 	 2 
 Site341 	 3.83385985504141e-112 	 1 	 2 
 Site342 	 1.76763754922753e-134 	 1 	 2 
 Site343 	 0.0653283710770129 	 1 	 2 
 Site344 	 5.22527001759396e-133 	 1 	 2 
 Site345 	 4.80189206539101e-117 	 1 	 2 
 Site346 	 1 	 1 	 2 
 Site347 	 0.178925663346256 	 1 	 2 
 Site348 	 1 	 1 	 2 
 Site349 	 0.627578860141519 	 1 	 2 
 Site350 	 1 	 1 	 2 
 Site351 	 3.41653197306593e-18 	 1 	 2 
 Site352 	 1 	 1 	 2 
 Site353 	 0.439038819390186 	 1 	 2 
"
