"resultMC"
"1" "Site Number	P-Value for Pairwise Comparison	Group 1 in Comparison	Group 2 in Comparison
 Site1 	 0.9962117424389 	 1 	 2 
 Site2 	 0.126039588420339 	 1 	 2 
 Site3 	 0.996292694824789 	 1 	 2 
 Site4 	 0.999554065784688 	 1 	 2 
 Site5 	 0.104269402053525 	 1 	 2 
 Site6 	 0.877579907016272 	 1 	 2 
 Site7 	 0.045470673675818 	 1 	 2 
 Site8 	 1 	 1 	 2 
 Site9 	 1 	 1 	 2 
 Site10 	 0.220747240354337 	 1 	 2 
 Site11 	 0.157518360640824 	 1 	 2 
 Site12 	 0.999999969890538 	 1 	 2 
 Site13 	 0.997179200169278 	 1 	 2 
 Site14 	 0.664449733276906 	 1 	 2 
 Site15 	 0.971559480598145 	 1 	 2 
 Site16 	 0.971977143076431 	 1 	 2 
 Site17 	 0.998820420733017 	 1 	 2 
 Site18 	 0.996452852828569 	 1 	 2 
 Site19 	 0.614537717718061 	 1 	 2 
 Site20 	 0.996670784765409 	 1 	 2 
 Site21 	 0.233269104944306 	 1 	 2 
 Site22 	 0.0970442819143523 	 1 	 2 
 Site23 	 0.835643620545458 	 1 	 2 
 Site24 	 0.0962226404233207 	 1 	 2 
 Site25 	 0.999969521337838 	 1 	 2 
 Site26 	 0.125674214472718 	 1 	 2 
 Site27 	 0.840705506295592 	 1 	 2 
 Site28 	 0.999729484573036 	 1 	 2 
 Site29 	 1.11456760633558e-33 	 1 	 2 
 Site30 	 2.49802727092355e-126 	 1 	 2 
 Site31 	 1 	 1 	 2 
 Site32 	 0.999768015570232 	 1 	 2 
 Site33 	 0.999989262371957 	 1 	 2 
 Site34 	 0.00357074070821987 	 1 	 2 
 Site35 	 5.65031928576817e-30 	 1 	 2 
 Site36 	 0.268631394305621 	 1 	 2 
 Site37 	 1.20529119354315e-195 	 1 	 2 
 Site38 	 0.0701334724508023 	 1 	 2 
 Site39 	 0.999845685241965 	 1 	 2 
 Site40 	 2.0235154214851e-12 	 1 	 2 
 Site41 	 0.00672660875130572 	 1 	 2 
 Site42 	 1 	 1 	 2 
 Site43 	 0.723957498903058 	 1 	 2 
 Site44 	 0.0532007578961475 	 1 	 2 
 Site45 	 1.16348994359184e-177 	 1 	 2 
 Site46 	 0.967534277156048 	 1 	 2 
 Site47 	 0.606905014805065 	 1 	 2 
 Site48 	 1 	 1 	 2 
 Site49 	 3.61389204814499e-106 	 1 	 2 
 Site50 	 1 	 1 	 2 
 Site51 	 1 	 1 	 2 
 Site52 	 1 	 1 	 2 
 Site53 	 0.999978303681104 	 1 	 2 
 Site54 	 0.951169944220002 	 1 	 2 
 Site55 	 0.999150678094878 	 1 	 2 
 Site56 	 0.986655911589215 	 1 	 2 
 Site57 	 0.590247865064899 	 1 	 2 
 Site58 	 0.999637725905209 	 1 	 2 
 Site59 	 0.999998351337682 	 1 	 2 
 Site60 	 0.598245698183425 	 1 	 2 
 Site61 	 1 	 1 	 2 
 Site62 	 0.999461105137271 	 1 	 2 
 Site63 	 0.870283195482749 	 1 	 2 
 Site64 	 0.99990712840109 	 1 	 2 
 Site65 	 0.006005859199089 	 1 	 2 
 Site66 	 3.53131232452238e-105 	 1 	 2 
 Site67 	 0.613333169789071 	 1 	 2 
 Site68 	 0.975731150040402 	 1 	 2 
 Site69 	 0.0404190885778187 	 1 	 2 
 Site70 	 0.0367425330825649 	 1 	 2 
 Site71 	 0.53415709062989 	 1 	 2 
 Site72 	 0.0001102260123858 	 1 	 2 
 Site73 	 0.00685248247807436 	 1 	 2 
 Site74 	 0.999845685241965 	 1 	 2 
 Site75 	 0.99945674946012 	 1 	 2 
 Site76 	 0.999397148756845 	 1 	 2 
 Site77 	 3.35834167860766e-22 	 1 	 2 
 Site78 	 0.798052650304312 	 1 	 2 
 Site79 	 5.24031709976201e-105 	 1 	 2 
 Site80 	 9.75237491766012e-20 	 1 	 2 
 Site81 	 1.20457816332101e-195 	 1 	 2 
 Site82 	 0.99913471823744 	 1 	 2 
 Site83 	 0.0635736794859874 	 1 	 2 
 Site84 	 0.594331122185266 	 1 	 2 
 Site85 	 0.0291343526748635 	 1 	 2 
 Site86 	 0.851289650712746 	 1 	 2 
 Site87 	 0.0304638774400465 	 1 	 2 
 Site88 	 0.623471784694735 	 1 	 2 
 Site89 	 0.65085235517306 	 1 	 2 
 Site90 	 0.580862749724091 	 1 	 2 
 Site91 	 1 	 1 	 2 
 Site92 	 1 	 1 	 2 
 Site93 	 0.0571435023988975 	 1 	 2 
 Site94 	 1.05370164916583e-201 	 1 	 2 
 Site95 	 0.99750278697443 	 1 	 2 
 Site96 	 1 	 1 	 2 
 Site97 	 1 	 1 	 2 
 Site98 	 1 	 1 	 2 
 Site99 	 1 	 1 	 2 
 Site100 	 1 	 1 	 2 
 Site101 	 1 	 1 	 2 
 Site102 	 1 	 1 	 2 
 Site103 	 1 	 1 	 2 
 Site104 	 1 	 1 	 2 
 Site105 	 1 	 1 	 2 
 Site106 	 1 	 1 	 2 
 Site107 	 1 	 1 	 2 
 Site108 	 1 	 1 	 2 
 Site109 	 1 	 1 	 2 
 Site110 	 1 	 1 	 2 
 Site111 	 1 	 1 	 2 
 Site112 	 1 	 1 	 2 
 Site113 	 1 	 1 	 2 
 Site114 	 1 	 1 	 2 
 Site115 	 1 	 1 	 2 
 Site116 	 1 	 1 	 2 
 Site117 	 1 	 1 	 2 
 Site118 	 1 	 1 	 2 
 Site119 	 1 	 1 	 2 
 Site120 	 1 	 1 	 2 
 Site121 	 1 	 1 	 2 
 Site122 	 1 	 1 	 2 
 Site123 	 1 	 1 	 2 
 Site124 	 1 	 1 	 2 
 Site125 	 1 	 1 	 2 
 Site126 	 1 	 1 	 2 
 Site127 	 1 	 1 	 2 
 Site128 	 1 	 1 	 2 
 Site129 	 1 	 1 	 2 
 Site130 	 1 	 1 	 2 
 Site131 	 1 	 1 	 2 
 Site132 	 1 	 1 	 2 
 Site133 	 1 	 1 	 2 
 Site134 	 1 	 1 	 2 
 Site135 	 1 	 1 	 2 
 Site136 	 1 	 1 	 2 
 Site137 	 1 	 1 	 2 
 Site138 	 1 	 1 	 2 
 Site139 	 1 	 1 	 2 
 Site140 	 1 	 1 	 2 
 Site141 	 1 	 1 	 2 
 Site142 	 1 	 1 	 2 
 Site143 	 1 	 1 	 2 
 Site144 	 1 	 1 	 2 
 Site145 	 1 	 1 	 2 
 Site146 	 1 	 1 	 2 
 Site147 	 1 	 1 	 2 
 Site148 	 1 	 1 	 2 
 Site149 	 1 	 1 	 2 
 Site150 	 1 	 1 	 2 
 Site151 	 1 	 1 	 2 
 Site152 	 1 	 1 	 2 
 Site153 	 1 	 1 	 2 
 Site154 	 1 	 1 	 2 
 Site155 	 1 	 1 	 2 
 Site156 	 1 	 1 	 2 
 Site157 	 1 	 1 	 2 
 Site158 	 1 	 1 	 2 
 Site159 	 1 	 1 	 2 
 Site160 	 1 	 1 	 2 
 Site161 	 1 	 1 	 2 
 Site162 	 1 	 1 	 2 
 Site163 	 1 	 1 	 2 
 Site164 	 1 	 1 	 2 
 Site165 	 1 	 1 	 2 
 Site166 	 1 	 1 	 2 
 Site167 	 1 	 1 	 2 
 Site168 	 1 	 1 	 2 
 Site169 	 1 	 1 	 2 
 Site170 	 1 	 1 	 2 
 Site171 	 1 	 1 	 2 
 Site172 	 1 	 1 	 2 
 Site173 	 1 	 1 	 2 
 Site174 	 1 	 1 	 2 
 Site175 	 1 	 1 	 2 
 Site176 	 1 	 1 	 2 
 Site177 	 1 	 1 	 2 
 Site178 	 1 	 1 	 2 
 Site179 	 1 	 1 	 2 
 Site180 	 1 	 1 	 2 
 Site181 	 1 	 1 	 2 
 Site182 	 1 	 1 	 2 
 Site183 	 1 	 1 	 2 
 Site184 	 1 	 1 	 2 
 Site185 	 1 	 1 	 2 
 Site186 	 1 	 1 	 2 
 Site187 	 1 	 1 	 2 
 Site188 	 1 	 1 	 2 
 Site189 	 1 	 1 	 2 
 Site190 	 1 	 1 	 2 
 Site191 	 1 	 1 	 2 
 Site192 	 1 	 1 	 2 
 Site193 	 1 	 1 	 2 
 Site194 	 1 	 1 	 2 
 Site195 	 1 	 1 	 2 
 Site196 	 1 	 1 	 2 
 Site197 	 1 	 1 	 2 
 Site198 	 1 	 1 	 2 
 Site199 	 1 	 1 	 2 
 Site200 	 1 	 1 	 2 
 Site201 	 1 	 1 	 2 
 Site202 	 1 	 1 	 2 
 Site203 	 1 	 1 	 2 
 Site204 	 1 	 1 	 2 
 Site205 	 0.968255203290612 	 1 	 2 
 Site206 	 1 	 1 	 2 
 Site207 	 1 	 1 	 2 
 Site208 	 1 	 1 	 2 
 Site209 	 1 	 1 	 2 
 Site210 	 1 	 1 	 2 
 Site211 	 1 	 1 	 2 
 Site212 	 1 	 1 	 2 
 Site213 	 1 	 1 	 2 
 Site214 	 1 	 1 	 2 
 Site215 	 1 	 1 	 2 
 Site216 	 1 	 1 	 2 
 Site217 	 1 	 1 	 2 
 Site218 	 1 	 1 	 2 
 Site219 	 1 	 1 	 2 
 Site220 	 1 	 1 	 2 
 Site221 	 1 	 1 	 2 
 Site222 	 1 	 1 	 2 
 Site223 	 1 	 1 	 2 
 Site224 	 1 	 1 	 2 
 Site225 	 1 	 1 	 2 
 Site226 	 1 	 1 	 2 
 Site227 	 1 	 1 	 2 
 Site228 	 1 	 1 	 2 
 Site229 	 1 	 1 	 2 
 Site230 	 1 	 1 	 2 
 Site231 	 1 	 1 	 2 
 Site232 	 1 	 1 	 2 
 Site233 	 1.95000362745665e-107 	 1 	 2 
 Site234 	 1 	 1 	 2 
 Site235 	 1 	 1 	 2 
 Site236 	 1 	 1 	 2 
 Site237 	 1 	 1 	 2 
 Site238 	 1 	 1 	 2 
 Site239 	 1 	 1 	 2 
 Site240 	 1 	 1 	 2 
 Site241 	 1 	 1 	 2 
 Site242 	 1 	 1 	 2 
 Site243 	 1 	 1 	 2 
 Site244 	 1 	 1 	 2 
 Site245 	 1 	 1 	 2 
 Site246 	 1 	 1 	 2 
 Site247 	 1 	 1 	 2 
 Site248 	 1 	 1 	 2 
 Site249 	 1 	 1 	 2 
 Site250 	 1 	 1 	 2 
 Site251 	 1 	 1 	 2 
 Site252 	 1 	 1 	 2 
 Site253 	 1 	 1 	 2 
 Site254 	 1 	 1 	 2 
 Site255 	 1 	 1 	 2 
 Site256 	 1 	 1 	 2 
 Site257 	 1 	 1 	 2 
 Site258 	 1 	 1 	 2 
 Site259 	 1 	 1 	 2 
 Site260 	 1 	 1 	 2 
 Site261 	 1 	 1 	 2 
 Site262 	 1 	 1 	 2 
 Site263 	 1 	 1 	 2 
 Site264 	 1 	 1 	 2 
 Site265 	 1 	 1 	 2 
 Site266 	 1 	 1 	 2 
 Site267 	 1 	 1 	 2 
 Site268 	 1 	 1 	 2 
 Site269 	 1 	 1 	 2 
 Site270 	 1 	 1 	 2 
 Site271 	 1 	 1 	 2 
 Site272 	 1 	 1 	 2 
 Site273 	 1 	 1 	 2 
 Site274 	 1 	 1 	 2 
 Site275 	 1 	 1 	 2 
 Site276 	 1 	 1 	 2 
 Site277 	 1 	 1 	 2 
 Site278 	 1 	 1 	 2 
 Site279 	 1 	 1 	 2 
 Site280 	 1 	 1 	 2 
 Site281 	 1 	 1 	 2 
 Site282 	 1 	 1 	 2 
 Site283 	 1 	 1 	 2 
 Site284 	 1 	 1 	 2 
 Site285 	 1 	 1 	 2 
 Site286 	 1 	 1 	 2 
 Site287 	 1 	 1 	 2 
 Site288 	 1 	 1 	 2 
 Site289 	 1 	 1 	 2 
 Site290 	 1 	 1 	 2 
 Site291 	 1 	 1 	 2 
 Site292 	 1 	 1 	 2 
 Site293 	 1 	 1 	 2 
 Site294 	 1 	 1 	 2 
 Site295 	 1 	 1 	 2 
 Site296 	 1 	 1 	 2 
 Site297 	 1 	 1 	 2 
 Site298 	 1 	 1 	 2 
 Site299 	 1 	 1 	 2 
 Site300 	 1 	 1 	 2 
 Site301 	 1 	 1 	 2 
 Site302 	 1 	 1 	 2 
 Site303 	 1 	 1 	 2 
 Site304 	 2.9391374492707e-148 	 1 	 2 
 Site305 	 1.84156799355615e-150 	 1 	 2 
 Site306 	 2.3674466964517e-150 	 1 	 2 
 Site307 	 2.36891227381171e-150 	 1 	 2 
 Site308 	 6.18781819758541e-148 	 1 	 2 
 Site309 	 4.15363387991335e-149 	 1 	 2 
 Site310 	 1.08193813977719e-143 	 1 	 2 
 Site311 	 4.15608531727835e-149 	 1 	 2 
 Site312 	 4.15118886014142e-149 	 1 	 2 
 Site313 	 4.15118886014142e-149 	 1 	 2 
 Site314 	 2.36751682955933e-150 	 1 	 2 
 Site315 	 2.36876455938801e-150 	 1 	 2 
 Site316 	 6.18433979003649e-148 	 1 	 2 
 Site317 	 1.06032939229851e-151 	 1 	 2 
 Site318 	 6.18252303387354e-148 	 1 	 2 
 Site319 	 4.15363779583498e-149 	 1 	 2 
 Site320 	 1.06032939229851e-151 	 1 	 2 
 Site321 	 1.06027695507045e-151 	 1 	 2 
 Site322 	 6.18036175585061e-148 	 1 	 2 
 Site323 	 2.24019704894938e-144 	 1 	 2 
 Site324 	 6.70852049562505e-148 	 1 	 2 
 Site325 	 3.73563069052424e-135 	 1 	 2 
 Site326 	 1.16172236518258e-138 	 1 	 2 
 Site327 	 3.35387723851559e-128 	 1 	 2 
 Site328 	 3.38272460757296e-130 	 1 	 2 
 Site329 	 5.02072054030152e-136 	 1 	 2 
 Site330 	 5.02072054030152e-136 	 1 	 2 
 Site331 	 5.02072054030152e-136 	 1 	 2 
 Site332 	 1.20153590042366e-121 	 1 	 2 
 Site333 	 2.1228822962609e-115 	 1 	 2 
 Site334 	 4.64564384330634e-120 	 1 	 2 
 Site335 	 1.40425617406659e-117 	 1 	 2 
 Site336 	 1.83660685451863e-116 	 1 	 2 
 Site337 	 1.40464269338201e-117 	 1 	 2 
 Site338 	 9.11440637557736e-119 	 1 	 2 
 Site339 	 7.05144259952989e-109 	 1 	 2 
 Site340 	 2.1387555499044e-113 	 1 	 2 
 Site341 	 1.61247929181401e-111 	 1 	 2 
 Site342 	 2.14112077750641e-113 	 1 	 2 
 Site343 	 1.8379215076113e-116 	 1 	 2 
 Site344 	 1.6146710092308e-111 	 1 	 2 
 Site345 	 7.54799263706856e-113 	 1 	 2 
 Site346 	 4.87661221482682e-116 	 1 	 2 
 Site347 	 2.3413931495289e-111 	 1 	 2 
 Site348 	 2.22603538770514e-110 	 1 	 2 
 Site349 	 1.5461498286816e-114 	 1 	 2 
 Site350 	 1.96872071973004e-109 	 1 	 2 
 Site351 	 1.54703516169389e-114 	 1 	 2 
 Site352 	 1.96755317323296e-109 	 1 	 2 
 Site353 	 5.26118794976479e-117 	 1 	 2 
"
