"resultMC"
"1" "Site Number	P-Value for Pairwise Comparison	Group 1 in Comparison	Group 2 in Comparison
 Site1 	 0.344069336316545 	 1 	 2 
 Site2 	 4.55811825847186e-137 	 1 	 2 
 Site3 	 0.350309897363918 	 1 	 2 
 Site4 	 1.64577465681147e-06 	 1 	 2 
 Site5 	 6.50558044704431e-130 	 1 	 2 
 Site6 	 6.4600766896218e-25 	 1 	 2 
 Site7 	 1.8230602431087e-125 	 1 	 2 
 Site8 	 1.67096622104202e-150 	 1 	 2 
 Site9 	 1 	 1 	 2 
 Site10 	 3.55375916364762e-140 	 1 	 2 
 Site11 	 3.11665737065965e-81 	 1 	 2 
 Site12 	 6.58922865057614e-10 	 1 	 2 
 Site13 	 1 	 1 	 2 
 Site14 	 4.29237444801703e-129 	 1 	 2 
 Site15 	 0.202589879208627 	 1 	 2 
 Site16 	 0.207184443595315 	 1 	 2 
 Site17 	 0.00139908555505038 	 1 	 2 
 Site18 	 1.01096185929408e-05 	 1 	 2 
 Site19 	 3.41124770833296e-29 	 1 	 2 
 Site20 	 0.382973575668956 	 1 	 2 
 Site21 	 7.40191441700355e-60 	 1 	 2 
 Site22 	 1.3322458221681e-146 	 1 	 2 
 Site23 	 4.45760990084867e-22 	 1 	 2 
 Site24 	 3.89001457000423e-118 	 1 	 2 
 Site25 	 5.78810395744979e-05 	 1 	 2 
 Site26 	 2.16996974596836e-123 	 1 	 2 
 Site27 	 6.34354475833958e-127 	 1 	 2 
 Site28 	 0.602021136092206 	 1 	 2 
 Site29 	 1 	 1 	 2 
 Site30 	 6.34357659339621e-127 	 1 	 2 
 Site31 	 5.09106025391297e-126 	 1 	 2 
 Site32 	 0.641461825389333 	 1 	 2 
 Site33 	 0.586460069075433 	 1 	 2 
 Site34 	 2.03418076798174e-128 	 1 	 2 
 Site35 	 1 	 1 	 2 
 Site36 	 2.72238123417564e-44 	 1 	 2 
 Site37 	 1.99291263666254e-52 	 1 	 2 
 Site38 	 2.59099741879703e-143 	 1 	 2 
 Site39 	 0.938023539631305 	 1 	 2 
 Site40 	 1 	 1 	 2 
 Site41 	 1 	 1 	 2 
 Site42 	 0.933089397626917 	 1 	 2 
 Site43 	 1.73968779013184e-24 	 1 	 2 
 Site44 	 2.04222517486917e-152 	 1 	 2 
 Site45 	 1.64859116293173e-142 	 1 	 2 
 Site46 	 1 	 1 	 2 
 Site47 	 1 	 1 	 2 
 Site48 	 6.25041405144276e-16 	 1 	 2 
 Site49 	 0.261392296473716 	 1 	 2 
 Site50 	 4.32700784141718e-61 	 1 	 2 
 Site51 	 1 	 1 	 2 
 Site52 	 3.31648242653352e-14 	 1 	 2 
 Site53 	 0.959645397894516 	 1 	 2 
 Site54 	 5.06721958817367e-19 	 1 	 2 
 Site55 	 1.05233929519185e-05 	 1 	 2 
 Site56 	 0.769391517498566 	 1 	 2 
 Site57 	 1 	 1 	 2 
 Site58 	 0.0256843861691895 	 1 	 2 
 Site59 	 0.982282956764905 	 1 	 2 
 Site60 	 6.55140996784551e-49 	 1 	 2 
 Site61 	 1.69118959878821e-29 	 1 	 2 
 Site62 	 0.444011135244348 	 1 	 2 
 Site63 	 2.18366802773961e-13 	 1 	 2 
 Site64 	 0.923633034742785 	 1 	 2 
 Site65 	 1.90014531140958e-140 	 1 	 2 
 Site66 	 5.68721996789424e-150 	 1 	 2 
 Site67 	 7.6681188837905e-12 	 1 	 2 
 Site68 	 0.718502578848885 	 1 	 2 
 Site69 	 2.51448307577263e-145 	 1 	 2 
 Site70 	 7.3486159498346e-157 	 1 	 2 
 Site71 	 1.13704404166509e-134 	 1 	 2 
 Site72 	 1 	 1 	 2 
 Site73 	 4.07146441792657e-138 	 1 	 2 
 Site74 	 0.938023539631305 	 1 	 2 
 Site75 	 2.55865806207048e-05 	 1 	 2 
 Site76 	 0.897647958367382 	 1 	 2 
 Site77 	 1 	 1 	 2 
 Site78 	 2.72890773116185e-150 	 1 	 2 
 Site79 	 0.703338320199944 	 1 	 2 
 Site80 	 9.38449927768638e-146 	 1 	 2 
 Site81 	 0.530500190705621 	 1 	 2 
 Site82 	 0.058286781893491 	 1 	 2 
 Site83 	 1 	 1 	 2 
 Site84 	 1.06150319082515e-47 	 1 	 2 
 Site85 	 1.64525884953044e-120 	 1 	 2 
 Site86 	 7.67153813313135e-21 	 1 	 2 
 Site87 	 2.39534256461152e-141 	 1 	 2 
 Site88 	 7.81477793307365e-20 	 1 	 2 
 Site89 	 1.82847325544597e-18 	 1 	 2 
 Site90 	 4.50118188273783e-22 	 1 	 2 
 Site91 	 1 	 1 	 2 
 Site92 	 4.43398967344492e-151 	 1 	 2 
 Site93 	 1 	 1 	 2 
 Site94 	 1 	 1 	 2 
 Site95 	 0.00587850013855517 	 1 	 2 
 Site96 	 1 	 1 	 2 
 Site97 	 1.43864675735077e-137 	 1 	 2 
 Site98 	 1 	 1 	 2 
 Site99 	 2.56650626161789e-150 	 1 	 2 
 Site100 	 5.39832242281761e-154 	 1 	 2 
 Site101 	 1.50857872488249e-123 	 1 	 2 
 Site102 	 2.58827646618116e-62 	 1 	 2 
 Site103 	 8.5025490173877e-120 	 1 	 2 
 Site104 	 3.41289800469591e-23 	 1 	 2 
 Site105 	 1 	 1 	 2 
 Site106 	 1 	 1 	 2 
 Site107 	 2.6566821274488e-147 	 1 	 2 
 Site108 	 1 	 1 	 2 
 Site109 	 5.31529875085405e-144 	 1 	 2 
 Site110 	 3.16782995838457e-149 	 1 	 2 
 Site111 	 1 	 1 	 2 
 Site112 	 8.17220003110098e-146 	 1 	 2 
 Site113 	 1 	 1 	 2 
 Site114 	 1.47958823589637e-119 	 1 	 2 
 Site115 	 0.979752165519955 	 1 	 2 
 Site116 	 0.946651072926849 	 1 	 2 
 Site117 	 8.57260068354636e-107 	 1 	 2 
 Site118 	 0.983433171003418 	 1 	 2 
 Site119 	 0.979753190173361 	 1 	 2 
 Site120 	 0.998404094038732 	 1 	 2 
 Site121 	 1.70455036568857e-124 	 1 	 2 
 Site122 	 7.16237033738499e-153 	 1 	 2 
 Site123 	 3.97144559837044e-156 	 1 	 2 
 Site124 	 7.18258022788214e-122 	 1 	 2 
 Site125 	 8.09597729948778e-144 	 1 	 2 
 Site126 	 6.01597994890615e-118 	 1 	 2 
 Site127 	 6.19751856807724e-25 	 1 	 2 
 Site128 	 4.06765586297058e-110 	 1 	 2 
 Site129 	 5.83613750164422e-147 	 1 	 2 
 Site130 	 0.154731993416418 	 1 	 2 
 Site131 	 2.92265522232648e-218 	 1 	 2 
 Site132 	 7.92633013379446e-13 	 1 	 2 
 Site133 	 0.942270940892766 	 1 	 2 
 Site134 	 1.00839109983884e-124 	 1 	 2 
 Site135 	 4.32261986146024e-133 	 1 	 2 
 Site136 	 0.243436035534307 	 1 	 2 
 Site137 	 0.942270940892766 	 1 	 2 
 Site138 	 0.0563792948216201 	 1 	 2 
 Site139 	 5.56079999652767e-56 	 1 	 2 
 Site140 	 0.0225910646383534 	 1 	 2 
 Site141 	 6.53167252926634e-120 	 1 	 2 
 Site142 	 0.893998435046075 	 1 	 2 
 Site143 	 0.975765500363715 	 1 	 2 
 Site144 	 0.858605968533363 	 1 	 2 
 Site145 	 6.95537046667464e-156 	 1 	 2 
 Site146 	 1 	 1 	 2 
 Site147 	 1 	 1 	 2 
 Site148 	 0.840272015686929 	 1 	 2 
 Site149 	 0.412324454875775 	 1 	 2 
 Site150 	 0.942270940892766 	 1 	 2 
 Site151 	 0.942270940892766 	 1 	 2 
 Site152 	 6.29908330279872e-44 	 1 	 2 
 Site153 	 1 	 1 	 2 
 Site154 	 1 	 1 	 2 
 Site155 	 1 	 1 	 2 
 Site156 	 0.995529908703613 	 1 	 2 
 Site157 	 0.412324454875775 	 1 	 2 
 Site158 	 1.47042279737691e-138 	 1 	 2 
 Site159 	 0.983433171003418 	 1 	 2 
 Site160 	 0.683499009302865 	 1 	 2 
 Site161 	 0.942270940892766 	 1 	 2 
 Site162 	 6.33555313835913e-172 	 1 	 2 
 Site163 	 5.08640989571239e-148 	 1 	 2 
 Site164 	 3.43190835810912e-134 	 1 	 2 
 Site165 	 0.000118808777548449 	 1 	 2 
 Site166 	 1.03620169960771e-136 	 1 	 2 
 Site167 	 1 	 1 	 2 
 Site168 	 1.1718979098351e-23 	 1 	 2 
 Site169 	 0.00448782469153807 	 1 	 2 
 Site170 	 0.0132583111770535 	 1 	 2 
 Site171 	 1 	 1 	 2 
 Site172 	 4.41429075008561e-07 	 1 	 2 
 Site173 	 5.84706224802667e-22 	 1 	 2 
 Site174 	 1 	 1 	 2 
 Site175 	 1 	 1 	 2 
 Site176 	 2.59183336515345e-22 	 1 	 2 
 Site177 	 1 	 1 	 2 
 Site178 	 2.65552754889119e-117 	 1 	 2 
 Site179 	 0.942270940892766 	 1 	 2 
 Site180 	 0.951138330313065 	 1 	 2 
 Site181 	 1 	 1 	 2 
 Site182 	 1 	 1 	 2 
 Site183 	 7.8244504972645e-150 	 1 	 2 
 Site184 	 1.05453526859675e-125 	 1 	 2 
 Site185 	 1.16749047038892e-120 	 1 	 2 
 Site186 	 1.26581245587009e-125 	 1 	 2 
 Site187 	 0.996321697889813 	 1 	 2 
 Site188 	 4.69877234011298e-74 	 1 	 2 
 Site189 	 0.536977978447664 	 1 	 2 
 Site190 	 1 	 1 	 2 
 Site191 	 1 	 1 	 2 
 Site192 	 1 	 1 	 2 
 Site193 	 1.28037370913462e-06 	 1 	 2 
 Site194 	 3.83879034834582e-28 	 1 	 2 
 Site195 	 0.840272015686929 	 1 	 2 
 Site196 	 1.2102257479563e-124 	 1 	 2 
 Site197 	 0.281520661558095 	 1 	 2 
 Site198 	 2.92594355824201e-129 	 1 	 2 
 Site199 	 6.13173628565223e-145 	 1 	 2 
 Site200 	 0.151270652042919 	 1 	 2 
 Site201 	 0.608774915148798 	 1 	 2 
 Site202 	 0.233608142472778 	 1 	 2 
 Site203 	 0.715795804248807 	 1 	 2 
 Site204 	 3.93686220983166e-05 	 1 	 2 
 Site205 	 0.173125473852935 	 1 	 2 
 Site206 	 2.40307740786414e-164 	 1 	 2 
 Site207 	 1 	 1 	 2 
 Site208 	 0.997632263512501 	 1 	 2 
 Site209 	 4.77844339857474e-51 	 1 	 2 
 Site210 	 3.00194534438881e-10 	 1 	 2 
 Site211 	 0.000121225983441047 	 1 	 2 
 Site212 	 0.000192921212368987 	 1 	 2 
 Site213 	 8.49246481777218e-30 	 1 	 2 
 Site214 	 2.509430426407e-23 	 1 	 2 
 Site215 	 1.09115733977892e-38 	 1 	 2 
 Site216 	 0.981683993855373 	 1 	 2 
 Site217 	 7.06016328142154e-143 	 1 	 2 
 Site218 	 4.40427137463015e-53 	 1 	 2 
 Site219 	 7.12513966911316e-153 	 1 	 2 
 Site220 	 0.418528905587896 	 1 	 2 
 Site221 	 5.81475880527938e-07 	 1 	 2 
 Site222 	 0.975765500363715 	 1 	 2 
 Site223 	 1.96191853521121e-66 	 1 	 2 
 Site224 	 0.942270940892766 	 1 	 2 
 Site225 	 1.0900133269536e-59 	 1 	 2 
 Site226 	 0.840272015686929 	 1 	 2 
 Site227 	 0.971484967497076 	 1 	 2 
 Site228 	 1.90201961675729e-141 	 1 	 2 
 Site229 	 8.28039928854043e-121 	 1 	 2 
 Site230 	 0.989654024134616 	 1 	 2 
 Site231 	 2.81670546629295e-08 	 1 	 2 
 Site232 	 0.353966828387465 	 1 	 2 
 Site233 	 0.266300362547706 	 1 	 2 
 Site234 	 1.77016191898134e-137 	 1 	 2 
 Site235 	 6.69936806076143e-125 	 1 	 2 
 Site236 	 1.61626164216604e-81 	 1 	 2 
 Site237 	 9.60242171969903e-28 	 1 	 2 
 Site238 	 1 	 1 	 2 
 Site239 	 0.942270940892766 	 1 	 2 
 Site240 	 0.979753190173361 	 1 	 2 
 Site241 	 1.60566781612336e-57 	 1 	 2 
 Site242 	 3.26182920721101e-130 	 1 	 2 
 Site243 	 0.0108167374307059 	 1 	 2 
 Site244 	 0.0252123329021334 	 1 	 2 
 Site245 	 0.942270940892766 	 1 	 2 
 Site246 	 1 	 1 	 2 
 Site247 	 3.78241718326952e-138 	 1 	 2 
 Site248 	 1 	 1 	 2 
 Site249 	 1.26076426966251e-24 	 1 	 2 
 Site250 	 0.821964522257531 	 1 	 2 
 Site251 	 0.923635271223585 	 1 	 2 
 Site252 	 1 	 1 	 2 
 Site253 	 0.821964522257531 	 1 	 2 
 Site254 	 1 	 1 	 2 
 Site255 	 0.893999193020655 	 1 	 2 
 Site256 	 0.975764727624881 	 1 	 2 
 Site257 	 3.93898556869572e-148 	 1 	 2 
 Site258 	 0.406187806202395 	 1 	 2 
 Site259 	 1 	 1 	 2 
 Site260 	 0.821964522257531 	 1 	 2 
 Site261 	 0.923635271223585 	 1 	 2 
 Site262 	 6.42267284750088e-137 	 1 	 2 
 Site263 	 0.652991315823063 	 1 	 2 
 Site264 	 0.933087655417283 	 1 	 2 
 Site265 	 4.68299384747706e-150 	 1 	 2 
 Site266 	 5.12071775439755e-144 	 1 	 2 
 Site267 	 0.821964522257531 	 1 	 2 
 Site268 	 0.975764727624881 	 1 	 2 
 Site269 	 0.996321871792167 	 1 	 2 
 Site270 	 3.10687994601111e-149 	 1 	 2 
 Site271 	 6.13186164747673e-145 	 1 	 2 
 Site272 	 1 	 1 	 2 
 Site273 	 1 	 1 	 2 
 Site274 	 1 	 1 	 2 
 Site275 	 1 	 1 	 2 
 Site276 	 1.81681593951579e-85 	 1 	 2 
 Site277 	 0.00183472637163185 	 1 	 2 
 Site278 	 0.0370674648753171 	 1 	 2 
 Site279 	 2.73211166985151e-18 	 1 	 2 
 Site280 	 3.9259821782636e-75 	 1 	 2 
 Site281 	 0.804049504206513 	 1 	 2 
 Site282 	 3.03109785572732e-102 	 1 	 2 
 Site283 	 0.913944719287177 	 1 	 2 
 Site284 	 0.904058541440609 	 1 	 2 
 Site285 	 1 	 1 	 2 
 Site286 	 0.904056025815958 	 1 	 2 
 Site287 	 3.98892506827775e-123 	 1 	 2 
 Site288 	 9.97193503504395e-229 	 1 	 2 
 Site289 	 1.74179698007659e-95 	 1 	 2 
 Site290 	 0.419213475526208 	 1 	 2 
 Site291 	 4.48983600104666e-166 	 1 	 2 
 Site292 	 0.933086907390442 	 1 	 2 
 Site293 	 2.18645829885272e-57 	 1 	 2 
 Site294 	 1 	 1 	 2 
 Site295 	 0.987696147478359 	 1 	 2 
 Site296 	 0.000114114404630974 	 1 	 2 
 Site297 	 0.281084443175648 	 1 	 2 
 Site298 	 2.93236145995362e-32 	 1 	 2 
 Site299 	 1 	 1 	 2 
 Site300 	 0.95702284403252 	 1 	 2 
 Site301 	 0.00386418491106006 	 1 	 2 
 Site302 	 0.975697838676329 	 1 	 2 
 Site303 	 0.777850437579023 	 1 	 2 
 Site304 	 1 	 1 	 2 
 Site305 	 2.40100240017804e-27 	 1 	 2 
 Site306 	 0.403770503124969 	 1 	 2 
 Site307 	 0.00355478883145269 	 1 	 2 
 Site308 	 2.06697225029897e-28 	 1 	 2 
 Site309 	 0.00240380978719183 	 1 	 2 
 Site310 	 1.32191607676408e-49 	 1 	 2 
 Site311 	 3.55035181202746e-147 	 1 	 2 
 Site312 	 0.548721175049567 	 1 	 2 
 Site313 	 3.56459268663972e-05 	 1 	 2 
 Site314 	 0.396737224661799 	 1 	 2 
 Site315 	 0.350313439231027 	 1 	 2 
 Site316 	 1.95700255179648e-11 	 1 	 2 
 Site317 	 0.226614674157143 	 1 	 2 
 Site318 	 1 	 1 	 2 
 Site319 	 7.62657700626081e-06 	 1 	 2 
 Site320 	 0.226614674157143 	 1 	 2 
 Site321 	 0.236993282827643 	 1 	 2 
 Site322 	 2.11138460892541e-05 	 1 	 2 
 Site323 	 2.56943264525502e-16 	 1 	 2 
 Site324 	 3.24549131893416e-109 	 1 	 2 
 Site325 	 3.67587722597443e-72 	 1 	 2 
 Site326 	 4.39643684595564e-144 	 1 	 2 
 Site327 	 9.78494718056109e-39 	 1 	 2 
 Site328 	 1 	 1 	 2 
 Site329 	 0.198096270939053 	 1 	 2 
 Site330 	 0.198096270939053 	 1 	 2 
 Site331 	 0.198096270939053 	 1 	 2 
 Site332 	 0.165515793299045 	 1 	 2 
 Site333 	 3.96402973413023e-05 	 1 	 2 
 Site334 	 0.154714210073039 	 1 	 2 
 Site335 	 0.437540957934162 	 1 	 2 
 Site336 	 0.0148909059971089 	 1 	 2 
 Site337 	 0.43754260710072 	 1 	 2 
 Site338 	 0.297504969332051 	 1 	 2 
 Site339 	 5.79122679446798e-143 	 1 	 2 
 Site340 	 1.68236423734504e-188 	 1 	 2 
 Site341 	 3.74433752541822e-145 	 1 	 2 
 Site342 	 6.6840184762933e-147 	 1 	 2 
 Site343 	 0.400477364243166 	 1 	 2 
 Site344 	 1 	 1 	 2 
 Site345 	 6.40613556851554e-148 	 1 	 2 
 Site346 	 2.99823631712073e-14 	 1 	 2 
 Site347 	 0.78061761258302 	 1 	 2 
 Site348 	 1 	 1 	 2 
 Site349 	 2.4543984769108e-05 	 1 	 2 
 Site350 	 3.36388993397864e-131 	 1 	 2 
 Site351 	 0.394338474404743 	 1 	 2 
 Site352 	 1 	 1 	 2 
 Site353 	 0.147902879900989 	 1 	 2 
"
