"resultMC"
"1" "Site Number	P-Value for Pairwise Comparison	Group 1 in Comparison	Group 2 in Comparison
 Site1 	 0.933363417180822 	 1 	 2 
 Site2 	 1.01613476090522e-07 	 1 	 2 
 Site3 	 0.934610422183271 	 1 	 2 
 Site4 	 0.97830053181404 	 1 	 2 
 Site5 	 5.98045850032974e-15 	 1 	 2 
 Site6 	 0.0105897532088159 	 1 	 2 
 Site7 	 3.6328428696207e-14 	 1 	 2 
 Site8 	 1 	 1 	 2 
 Site9 	 1 	 1 	 2 
 Site10 	 5.77971230810916e-15 	 1 	 2 
 Site11 	 9.61312242914983e-17 	 1 	 2 
 Site12 	 0.999908325755476 	 1 	 2 
 Site13 	 0.699902162207846 	 1 	 2 
 Site14 	 0.000471854666983131 	 1 	 2 
 Site15 	 0.811793491047134 	 1 	 2 
 Site16 	 0.814194034520282 	 1 	 2 
 Site17 	 1 	 1 	 2 
 Site18 	 0.937088473943928 	 1 	 2 
 Site19 	 0.00104212249117289 	 1 	 2 
 Site20 	 0.94075819778612 	 1 	 2 
 Site21 	 4.27107400829642e-07 	 1 	 2 
 Site22 	 2.22973599690693e-216 	 1 	 2 
 Site23 	 0.0129833455152896 	 1 	 2 
 Site24 	 6.27081434402017e-14 	 1 	 2 
 Site25 	 0.990986452843655 	 1 	 2 
 Site26 	 3.8879998969617e-14 	 1 	 2 
 Site27 	 1 	 1 	 2 
 Site28 	 0.986045724838471 	 1 	 2 
 Site29 	 1 	 1 	 2 
 Site30 	 1 	 1 	 2 
 Site31 	 1 	 1 	 2 
 Site32 	 0.988145443635021 	 1 	 2 
 Site33 	 0.996313167299749 	 1 	 2 
 Site34 	 1.54148753098151e-17 	 1 	 2 
 Site35 	 1 	 1 	 2 
 Site36 	 5.73847701578499e-06 	 1 	 2 
 Site37 	 1 	 1 	 2 
 Site38 	 1.25922197613424e-16 	 1 	 2 
 Site39 	 0.993207278362825 	 1 	 2 
 Site40 	 1 	 1 	 2 
 Site41 	 3.58975986900763e-22 	 1 	 2 
 Site42 	 0.996880878589244 	 1 	 2 
 Site43 	 0.00664860612727802 	 1 	 2 
 Site44 	 1 	 1 	 2 
 Site45 	 1 	 1 	 2 
 Site46 	 0.73907512819471 	 1 	 2 
 Site47 	 6.19326194188004e-07 	 1 	 2 
 Site48 	 1 	 1 	 2 
 Site49 	 0.914084199249324 	 1 	 2 
 Site50 	 4.26861056755681e-71 	 1 	 2 
 Site51 	 1 	 1 	 2 
 Site52 	 1.84924691270388e-200 	 1 	 2 
 Site53 	 0.998288197821639 	 1 	 2 
 Site54 	 1.9185092306399e-69 	 1 	 2 
 Site55 	 0.987490758668011 	 1 	 2 
 Site56 	 0.921681679344638 	 1 	 2 
 Site57 	 0.000675599865764072 	 1 	 2 
 Site58 	 0.930123378088183 	 1 	 2 
 Site59 	 0.999382325553754 	 1 	 2 
 Site60 	 5.35689022014048e-73 	 1 	 2 
 Site61 	 7.54097729763787e-19 	 1 	 2 
 Site62 	 0.975007425236584 	 1 	 2 
 Site63 	 0.072029843877137 	 1 	 2 
 Site64 	 0.996348266932657 	 1 	 2 
 Site65 	 2.02009565203232e-18 	 1 	 2 
 Site66 	 2.02253922328474e-14 	 1 	 2 
 Site67 	 0.0344526847322173 	 1 	 2 
 Site68 	 0.901147376819502 	 1 	 2 
 Site69 	 4.13750040516423e-33 	 1 	 2 
 Site70 	 1 	 1 	 2 
 Site71 	 0.00310091142317915 	 1 	 2 
 Site72 	 1 	 1 	 2 
 Site73 	 1 	 1 	 2 
 Site74 	 0.993207278362825 	 1 	 2 
 Site75 	 0.974449856227915 	 1 	 2 
 Site76 	 0.98752659427404 	 1 	 2 
 Site77 	 1.40750548775084e-165 	 1 	 2 
 Site78 	 0.00165459622199549 	 1 	 2 
 Site79 	 1 	 1 	 2 
 Site80 	 1.876147074141e-161 	 1 	 2 
 Site81 	 1 	 1 	 2 
 Site82 	 0.924656637451938 	 1 	 2 
 Site83 	 3.63867802803258e-27 	 1 	 2 
 Site84 	 2.57334623899294e-45 	 1 	 2 
 Site85 	 3.07781191264383e-15 	 1 	 2 
 Site86 	 0.0177694885623767 	 1 	 2 
 Site87 	 8.32208889523382e-17 	 1 	 2 
 Site88 	 0.0582444051872592 	 1 	 2 
 Site89 	 0.0103058998256159 	 1 	 2 
 Site90 	 0.00368691659186494 	 1 	 2 
 Site91 	 1 	 1 	 2 
 Site92 	 1 	 1 	 2 
 Site93 	 1 	 1 	 2 
 Site94 	 1 	 1 	 2 
 Site95 	 1 	 1 	 2 
 Site96 	 1 	 1 	 2 
 Site97 	 2.2281434521439e-16 	 1 	 2 
 Site98 	 6.27439324302889e-15 	 1 	 2 
 Site99 	 1.26126372121436e-160 	 1 	 2 
 Site100 	 5.82597035310732e-17 	 1 	 2 
 Site101 	 3.71616309011722e-14 	 1 	 2 
 Site102 	 9.49319221394532e-22 	 1 	 2 
 Site103 	 3.80535213952291e-12 	 1 	 2 
 Site104 	 0.00975614417552148 	 1 	 2 
 Site105 	 1 	 1 	 2 
 Site106 	 1 	 1 	 2 
 Site107 	 1 	 1 	 2 
 Site108 	 1 	 1 	 2 
 Site109 	 1 	 1 	 2 
 Site110 	 0.00401860803079785 	 1 	 2 
 Site111 	 0.0136466748438408 	 1 	 2 
 Site112 	 1 	 1 	 2 
 Site113 	 0.00608600804918875 	 1 	 2 
 Site114 	 1.36998484099382e-14 	 1 	 2 
 Site115 	 0.999686501292622 	 1 	 2 
 Site116 	 0.999579559772717 	 1 	 2 
 Site117 	 1 	 1 	 2 
 Site118 	 0.999753884264409 	 1 	 2 
 Site119 	 0.999687521815233 	 1 	 2 
 Site120 	 0.99999895234334 	 1 	 2 
 Site121 	 1 	 1 	 2 
 Site122 	 1 	 1 	 2 
 Site123 	 4.98047467908532e-220 	 1 	 2 
 Site124 	 1 	 1 	 2 
 Site125 	 1 	 1 	 2 
 Site126 	 1.84633565558094e-13 	 1 	 2 
 Site127 	 1 	 1 	 2 
 Site128 	 3.32864338834946e-10 	 1 	 2 
 Site129 	 1 	 1 	 2 
 Site130 	 0.999612581669208 	 1 	 2 
 Site131 	 3.25771175961687e-15 	 1 	 2 
 Site132 	 0.154541199999402 	 1 	 2 
 Site133 	 0.997374781478571 	 1 	 2 
 Site134 	 9.30957003925846e-15 	 1 	 2 
 Site135 	 1.76733801946542e-15 	 1 	 2 
 Site136 	 0.999953756980508 	 1 	 2 
 Site137 	 0.997374781478571 	 1 	 2 
 Site138 	 0.981605249404347 	 1 	 2 
 Site139 	 1.18804607927177e-05 	 1 	 2 
 Site140 	 0.926253863730338 	 1 	 2 
 Site141 	 1.64462693473112e-33 	 1 	 2 
 Site142 	 0.994623874430045 	 1 	 2 
 Site143 	 0.999613374097563 	 1 	 2 
 Site144 	 0.996715347382339 	 1 	 2 
 Site145 	 1.02265552024415e-18 	 1 	 2 
 Site146 	 4.83295840747715e-42 	 1 	 2 
 Site147 	 1.34163122510357e-05 	 1 	 2 
 Site148 	 0.978989370868007 	 1 	 2 
 Site149 	 0.972136149212005 	 1 	 2 
 Site150 	 0.997374781478571 	 1 	 2 
 Site151 	 0.997374781478571 	 1 	 2 
 Site152 	 7.65763090536581e-05 	 1 	 2 
 Site153 	 5.23490445698369e-123 	 1 	 2 
 Site154 	 1 	 1 	 2 
 Site155 	 0.881362718513039 	 1 	 2 
 Site156 	 0.999991249789379 	 1 	 2 
 Site157 	 0.972136149212005 	 1 	 2 
 Site158 	 5.18336670070275e-17 	 1 	 2 
 Site159 	 0.999753884264409 	 1 	 2 
 Site160 	 0.997714144476883 	 1 	 2 
 Site161 	 0.997374781478571 	 1 	 2 
 Site162 	 4.98004615781729e-220 	 1 	 2 
 Site163 	 1 	 1 	 2 
 Site164 	 1 	 1 	 2 
 Site165 	 0.999687521815233 	 1 	 2 
 Site166 	 2.97157054185089e-51 	 1 	 2 
 Site167 	 1 	 1 	 2 
 Site168 	 0.0144212235063474 	 1 	 2 
 Site169 	 0.739031618616161 	 1 	 2 
 Site170 	 1 	 1 	 2 
 Site171 	 3.5070532813366e-141 	 1 	 2 
 Site172 	 0.422035690700391 	 1 	 2 
 Site173 	 0.0331798817486206 	 1 	 2 
 Site174 	 3.84453553680919e-128 	 1 	 2 
 Site175 	 9.96784329217821e-17 	 1 	 2 
 Site176 	 0.0620233830720928 	 1 	 2 
 Site177 	 1.3616231035658e-16 	 1 	 2 
 Site178 	 6.90684044043003e-11 	 1 	 2 
 Site179 	 0.997374781478571 	 1 	 2 
 Site180 	 0.997840353768734 	 1 	 2 
 Site181 	 3.06792145698651e-06 	 1 	 2 
 Site182 	 3.07087612708389e-95 	 1 	 2 
 Site183 	 2.00603690112222e-16 	 1 	 2 
 Site184 	 2.26194362264892e-15 	 1 	 2 
 Site185 	 2.94464062732679e-15 	 1 	 2 
 Site186 	 2.3151071515269e-15 	 1 	 2 
 Site187 	 0.999993054283624 	 1 	 2 
 Site188 	 7.54648671960747e-07 	 1 	 2 
 Site189 	 0.99099123552914 	 1 	 2 
 Site190 	 1.20143025230153e-84 	 1 	 2 
 Site191 	 1 	 1 	 2 
 Site192 	 4.6574090651699e-11 	 1 	 2 
 Site193 	 0.971555518014968 	 1 	 2 
 Site194 	 0.00903886151599653 	 1 	 2 
 Site195 	 0.978989370868007 	 1 	 2 
 Site196 	 9.52553289419409e-15 	 1 	 2 
 Site197 	 0.919329579325844 	 1 	 2 
 Site198 	 9.30968938221667e-15 	 1 	 2 
 Site199 	 2.60079958208992e-17 	 1 	 2 
 Site200 	 0.781174630275981 	 1 	 2 
 Site201 	 0.856316490247421 	 1 	 2 
 Site202 	 0.906114790706598 	 1 	 2 
 Site203 	 0.972714610938489 	 1 	 2 
 Site204 	 0.997840353768734 	 1 	 2 
 Site205 	 0.795121848952979 	 1 	 2 
 Site206 	 1 	 1 	 2 
 Site207 	 8.20033396618691e-18 	 1 	 2 
 Site208 	 0.99999594526469 	 1 	 2 
 Site209 	 4.16743696083002e-11 	 1 	 2 
 Site210 	 0.231594559797474 	 1 	 2 
 Site211 	 0.999753884264409 	 1 	 2 
 Site212 	 1.24219082988501e-222 	 1 	 2 
 Site213 	 0.0449324178494027 	 1 	 2 
 Site214 	 0.090271621549671 	 1 	 2 
 Site215 	 0.000255752324344505 	 1 	 2 
 Site216 	 0.971535151751045 	 1 	 2 
 Site217 	 4.02125123756446e-16 	 1 	 2 
 Site218 	 1 	 1 	 2 
 Site219 	 2.52870227884076e-17 	 1 	 2 
 Site220 	 0.972723190589144 	 1 	 2 
 Site221 	 0.886235583417084 	 1 	 2 
 Site222 	 0.999613374097563 	 1 	 2 
 Site223 	 7.42097270912307e-07 	 1 	 2 
 Site224 	 0.997374781478571 	 1 	 2 
 Site225 	 4.67525496727211e-05 	 1 	 2 
 Site226 	 0.978989370868007 	 1 	 2 
 Site227 	 0.999531479357075 	 1 	 2 
 Site228 	 4.02125028402704e-16 	 1 	 2 
 Site229 	 2.81764850999025e-15 	 1 	 2 
 Site230 	 0.999942089216545 	 1 	 2 
 Site231 	 0.999989130804101 	 1 	 2 
 Site232 	 0.965995748868465 	 1 	 2 
 Site233 	 0.915400076155792 	 1 	 2 
 Site234 	 2.28747394305581e-16 	 1 	 2 
 Site235 	 2.52169195423041e-14 	 1 	 2 
 Site236 	 0.994477880107361 	 1 	 2 
 Site237 	 0.0164008920220003 	 1 	 2 
 Site238 	 1 	 1 	 2 
 Site239 	 0.997374781478571 	 1 	 2 
 Site240 	 0.999687521815233 	 1 	 2 
 Site241 	 1.49129084228777e-06 	 1 	 2 
 Site242 	 0.00026855940537901 	 1 	 2 
 Site243 	 0.748511557703259 	 1 	 2 
 Site244 	 0.997403253004339 	 1 	 2 
 Site245 	 0.997374781478571 	 1 	 2 
 Site246 	 4.16802644163259e-20 	 1 	 2 
 Site247 	 5.6236630655386e-14 	 1 	 2 
 Site248 	 3.12271271721216e-07 	 1 	 2 
 Site249 	 7.40537508212661e-23 	 1 	 2 
 Site250 	 0.976167930939055 	 1 	 2 
 Site251 	 0.996355038997559 	 1 	 2 
 Site252 	 5.31426452167139e-249 	 1 	 2 
 Site253 	 0.976167930939055 	 1 	 2 
 Site254 	 6.6565982556084e-223 	 1 	 2 
 Site255 	 0.994626326780122 	 1 	 2 
 Site256 	 0.999612581669208 	 1 	 2 
 Site257 	 1 	 1 	 2 
 Site258 	 0.97154824618111 	 1 	 2 
 Site259 	 1 	 1 	 2 
 Site260 	 0.976167930939055 	 1 	 2 
 Site261 	 0.996355038997559 	 1 	 2 
 Site262 	 4.2475749321049e-11 	 1 	 2 
 Site263 	 0.997320565059172 	 1 	 2 
 Site264 	 0.996875724904575 	 1 	 2 
 Site265 	 0.00681108826588917 	 1 	 2 
 Site266 	 3.0603653088523e-219 	 1 	 2 
 Site267 	 0.976167930939055 	 1 	 2 
 Site268 	 0.999612581669208 	 1 	 2 
 Site269 	 0.999993075691342 	 1 	 2 
 Site270 	 1 	 1 	 2 
 Site271 	 2.60116025719569e-17 	 1 	 2 
 Site272 	 0.916208117629269 	 1 	 2 
 Site273 	 2.22971159873952e-216 	 1 	 2 
 Site274 	 2.13491825877983e-157 	 1 	 2 
 Site275 	 1 	 1 	 2 
 Site276 	 2.52684156136708e-09 	 1 	 2 
 Site277 	 0.924010464298415 	 1 	 2 
 Site278 	 0.970961085255074 	 1 	 2 
 Site279 	 0.102683462698514 	 1 	 2 
 Site280 	 8.7469720507054e-06 	 1 	 2 
 Site281 	 0.973341699960944 	 1 	 2 
 Site282 	 1.61287578786511e-11 	 1 	 2 
 Site283 	 0.995794211511752 	 1 	 2 
 Site284 	 0.995224302951171 	 1 	 2 
 Site285 	 2.34588222281524e-15 	 1 	 2 
 Site286 	 0.995216336094043 	 1 	 2 
 Site287 	 2.79475601472604e-13 	 1 	 2 
 Site288 	 8.02751906130729e-08 	 1 	 2 
 Site289 	 4.09695263075092e-10 	 1 	 2 
 Site290 	 0.99784648606719 	 1 	 2 
 Site291 	 1.50978934131516e-51 	 1 	 2 
 Site292 	 0.996873511318174 	 1 	 2 
 Site293 	 0.980431641406853 	 1 	 2 
 Site294 	 1.78675542777732e-05 	 1 	 2 
 Site295 	 0.99992862794539 	 1 	 2 
 Site296 	 0.999530234688725 	 1 	 2 
 Site297 	 1 	 1 	 2 
 Site298 	 0.0104295471587379 	 1 	 2 
 Site299 	 2.26131037586163e-36 	 1 	 2 
 Site300 	 0.999234139218284 	 1 	 2 
 Site301 	 0.730879001991178 	 1 	 2 
 Site302 	 0.999931763747559 	 1 	 2 
 Site303 	 0.986731288111194 	 1 	 2 
 Site304 	 5.99462270245092e-37 	 1 	 2 
 Site305 	 0.0110952216422508 	 1 	 2 
 Site306 	 0.944390746095288 	 1 	 2 
 Site307 	 0.618998274379506 	 1 	 2 
 Site308 	 0.0025008831752251 	 1 	 2 
 Site309 	 7.87395719323023e-210 	 1 	 2 
 Site310 	 4.75607309224658e-21 	 1 	 2 
 Site311 	 1.12204894731523e-18 	 1 	 2 
 Site312 	 0.982834893696889 	 1 	 2 
 Site313 	 0.982834893696889 	 1 	 2 
 Site314 	 0.943190629449475 	 1 	 2 
 Site315 	 2.78651416736584e-47 	 1 	 2 
 Site316 	 0.87572054543143 	 1 	 2 
 Site317 	 0.82387243852663 	 1 	 2 
 Site318 	 5.73329414572031e-174 	 1 	 2 
 Site319 	 0.431140267363755 	 1 	 2 
 Site320 	 0.82387243852663 	 1 	 2 
 Site321 	 0.828738543999385 	 1 	 2 
 Site322 	 0.973530681116727 	 1 	 2 
 Site323 	 0.887596529883756 	 1 	 2 
 Site324 	 7.21030348671665e-06 	 1 	 2 
 Site325 	 1 	 1 	 2 
 Site326 	 1.00809659978372e-16 	 1 	 2 
 Site327 	 1.05102039863797e-218 	 1 	 2 
 Site328 	 0.00743293454129617 	 1 	 2 
 Site329 	 0.809408738089155 	 1 	 2 
 Site330 	 0.809408738089155 	 1 	 2 
 Site331 	 0.809408738089155 	 1 	 2 
 Site332 	 0.79048394206247 	 1 	 2 
 Site333 	 0.987302702547416 	 1 	 2 
 Site334 	 0.783494803607889 	 1 	 2 
 Site335 	 0.974444285632378 	 1 	 2 
 Site336 	 0.992332380350005 	 1 	 2 
 Site337 	 0.97445208314677 	 1 	 2 
 Site338 	 0.923213055038666 	 1 	 2 
 Site339 	 6.33438757599534e-14 	 1 	 2 
 Site340 	 0.000106142609961646 	 1 	 2 
 Site341 	 0.024830289115598 	 1 	 2 
 Site342 	 1 	 1 	 2 
 Site343 	 0.98474610447267 	 1 	 2 
 Site344 	 1 	 1 	 2 
 Site345 	 1 	 1 	 2 
 Site346 	 0.0578313535408969 	 1 	 2 
 Site347 	 5.16771509089556e-34 	 1 	 2 
 Site348 	 4.24026167492271e-13 	 1 	 2 
 Site349 	 0.973296468711025 	 1 	 2 
 Site350 	 1 	 1 	 2 
 Site351 	 0.952238971042425 	 1 	 2 
 Site352 	 6.7599785454781e-19 	 1 	 2 
 Site353 	 0.778863888531199 	 1 	 2 
"
