"resultMC"
"1" "Site Number	P-Value for Pairwise Comparison	Group 1 in Comparison	Group 2 in Comparison
 Site1 	 4.81000910826463e-06 	 1 	 2 
 Site2 	 1 	 1 	 2 
 Site3 	 5.74951134235468e-06 	 1 	 2 
 Site4 	 1.9367369916664e-05 	 1 	 2 
 Site5 	 1 	 1 	 2 
 Site6 	 9.54345234189189e-222 	 1 	 2 
 Site7 	 1 	 1 	 2 
 Site8 	 1 	 1 	 2 
 Site9 	 1 	 1 	 2 
 Site10 	 1 	 1 	 2 
 Site11 	 1 	 1 	 2 
 Site12 	 0.000285717901228652 	 1 	 2 
 Site13 	 5.44981119759705e-49 	 1 	 2 
 Site14 	 1 	 1 	 2 
 Site15 	 1.93346364875082e-06 	 1 	 2 
 Site16 	 2.32543055295729e-06 	 1 	 2 
 Site17 	 2.9997262701259e-35 	 1 	 2 
 Site18 	 8.21160717266737e-06 	 1 	 2 
 Site19 	 1 	 1 	 2 
 Site20 	 1.40016093839258e-05 	 1 	 2 
 Site21 	 1 	 1 	 2 
 Site22 	 1 	 1 	 2 
 Site23 	 3.46568647500173e-193 	 1 	 2 
 Site24 	 1 	 1 	 2 
 Site25 	 1.08756521963566e-09 	 1 	 2 
 Site26 	 1 	 1 	 2 
 Site27 	 1 	 1 	 2 
 Site28 	 0.000150708171163306 	 1 	 2 
 Site29 	 1 	 1 	 2 
 Site30 	 1 	 1 	 2 
 Site31 	 1 	 1 	 2 
 Site32 	 0.000349853698704262 	 1 	 2 
 Site33 	 1.34626232995074e-07 	 1 	 2 
 Site34 	 1 	 1 	 2 
 Site35 	 1 	 1 	 2 
 Site36 	 1 	 1 	 2 
 Site37 	 1 	 1 	 2 
 Site38 	 1 	 1 	 2 
 Site39 	 0.582194701487592 	 1 	 2 
 Site40 	 1 	 1 	 2 
 Site41 	 1 	 1 	 2 
 Site42 	 0.305875522368814 	 1 	 2 
 Site43 	 4.07425175982725e-191 	 1 	 2 
 Site44 	 1 	 1 	 2 
 Site45 	 1 	 1 	 2 
 Site46 	 2.60709925440566e-47 	 1 	 2 
 Site47 	 1 	 1 	 2 
 Site48 	 3.01979296509176e-152 	 1 	 2 
 Site49 	 3.26213817378779e-07 	 1 	 2 
 Site50 	 1 	 1 	 2 
 Site51 	 1 	 1 	 2 
 Site52 	 3.23882520085456e-138 	 1 	 2 
 Site53 	 0.470040253704148 	 1 	 2 
 Site54 	 1.01115272479071e-194 	 1 	 2 
 Site55 	 0.833242659725173 	 1 	 2 
 Site56 	 0.395544382020337 	 1 	 2 
 Site57 	 1 	 1 	 2 
 Site58 	 3.46694801187465e-23 	 1 	 2 
 Site59 	 0.695702834212163 	 1 	 2 
 Site60 	 1 	 1 	 2 
 Site61 	 1 	 1 	 2 
 Site62 	 1.13033442765527e-06 	 1 	 2 
 Site63 	 1.7218180461608e-115 	 1 	 2 
 Site64 	 0.0945729280907893 	 1 	 2 
 Site65 	 1 	 1 	 2 
 Site66 	 1 	 1 	 2 
 Site67 	 3.16883153853339e-92 	 1 	 2 
 Site68 	 0.297827871454156 	 1 	 2 
 Site69 	 1 	 1 	 2 
 Site70 	 1 	 1 	 2 
 Site71 	 1 	 1 	 2 
 Site72 	 1 	 1 	 2 
 Site73 	 1 	 1 	 2 
 Site74 	 0.582194701487592 	 1 	 2 
 Site75 	 2.89722490702309e-06 	 1 	 2 
 Site76 	 0.40528402021932 	 1 	 2 
 Site77 	 1 	 1 	 2 
 Site78 	 1 	 1 	 2 
 Site79 	 4.30506790367205e-06 	 1 	 2 
 Site80 	 1 	 1 	 2 
 Site81 	 0.000397626993904375 	 1 	 2 
 Site82 	 1.84069732036429e-17 	 1 	 2 
 Site83 	 1 	 1 	 2 
 Site84 	 1 	 1 	 2 
 Site85 	 1 	 1 	 2 
 Site86 	 5.60595909085108e-182 	 1 	 2 
 Site87 	 1 	 1 	 2 
 Site88 	 4.72743893030644e-121 	 1 	 2 
 Site89 	 1.32584882845052e-152 	 1 	 2 
 Site90 	 1.39107302480397e-182 	 1 	 2 
 Site91 	 1 	 1 	 2 
 Site92 	 1 	 1 	 2 
 Site93 	 1 	 1 	 2 
 Site94 	 1 	 1 	 2 
 Site95 	 2.31416568078263e-27 	 1 	 2 
 Site96 	 1 	 1 	 2 
 Site97 	 1 	 1 	 2 
 Site98 	 1 	 1 	 2 
 Site99 	 1 	 1 	 2 
 Site100 	 1 	 1 	 2 
 Site101 	 1 	 1 	 2 
 Site102 	 1 	 1 	 2 
 Site103 	 1 	 1 	 2 
 Site104 	 1.39524380689084e-199 	 1 	 2 
 Site105 	 1 	 1 	 2 
 Site106 	 1 	 1 	 2 
 Site107 	 1 	 1 	 2 
 Site108 	 1 	 1 	 2 
 Site109 	 1 	 1 	 2 
 Site110 	 1 	 1 	 2 
 Site111 	 1.25072303158979e-228 	 1 	 2 
 Site112 	 1 	 1 	 2 
 Site113 	 1 	 1 	 2 
 Site114 	 1 	 1 	 2 
 Site115 	 0.804835666465657 	 1 	 2 
 Site116 	 0.167823538816018 	 1 	 2 
 Site117 	 1 	 1 	 2 
 Site118 	 0.516502699721415 	 1 	 2 
 Site119 	 0.46057689274275 	 1 	 2 
 Site120 	 0.564705686247481 	 1 	 2 
 Site121 	 1 	 1 	 2 
 Site122 	 1 	 1 	 2 
 Site123 	 1 	 1 	 2 
 Site124 	 1 	 1 	 2 
 Site125 	 1 	 1 	 2 
 Site126 	 1 	 1 	 2 
 Site127 	 9.82258964662686e-240 	 1 	 2 
 Site128 	 1 	 1 	 2 
 Site129 	 1 	 1 	 2 
 Site130 	 0.408978245843671 	 1 	 2 
 Site131 	 1 	 1 	 2 
 Site132 	 2.92622217978487e-123 	 1 	 2 
 Site133 	 0.354035120825997 	 1 	 2 
 Site134 	 1 	 1 	 2 
 Site135 	 1 	 1 	 2 
 Site136 	 0.24092520715239 	 1 	 2 
 Site137 	 0.354035120825997 	 1 	 2 
 Site138 	 5.82874886474538e-25 	 1 	 2 
 Site139 	 1 	 1 	 2 
 Site140 	 3.01556475768839e-24 	 1 	 2 
 Site141 	 1 	 1 	 2 
 Site142 	 0.166789351322286 	 1 	 2 
 Site143 	 0.408978477487783 	 1 	 2 
 Site144 	 0.028966044821731 	 1 	 2 
 Site145 	 1 	 1 	 2 
 Site146 	 1 	 1 	 2 
 Site147 	 1 	 1 	 2 
 Site148 	 0.235304172545042 	 1 	 2 
 Site149 	 5.11146298535864e-06 	 1 	 2 
 Site150 	 0.354035120825997 	 1 	 2 
 Site151 	 0.354035120825997 	 1 	 2 
 Site152 	 1 	 1 	 2 
 Site153 	 1 	 1 	 2 
 Site154 	 5.32122169572167e-55 	 1 	 2 
 Site155 	 3.04492137676218e-30 	 1 	 2 
 Site156 	 0.490366828083868 	 1 	 2 
 Site157 	 1.44187316723097e-06 	 1 	 2 
 Site158 	 1 	 1 	 2 
 Site159 	 0.516502699721415 	 1 	 2 
 Site160 	 1.2536274441413e-05 	 1 	 2 
 Site161 	 0.354035120825997 	 1 	 2 
 Site162 	 1 	 1 	 2 
 Site163 	 1 	 1 	 2 
 Site164 	 1 	 1 	 2 
 Site165 	 0.46057689274275 	 1 	 2 
 Site166 	 1 	 1 	 2 
 Site167 	 1 	 1 	 2 
 Site168 	 1 	 1 	 2 
 Site169 	 3.31643687832486e-20 	 1 	 2 
 Site170 	 2.78496808104922e-21 	 1 	 2 
 Site171 	 1 	 1 	 2 
 Site172 	 8.70878851531747e-65 	 1 	 2 
 Site173 	 8.78678790351675e-202 	 1 	 2 
 Site174 	 1 	 1 	 2 
 Site175 	 1 	 1 	 2 
 Site176 	 2.44705120340487e-213 	 1 	 2 
 Site177 	 1 	 1 	 2 
 Site178 	 1 	 1 	 2 
 Site179 	 0.377435055867175 	 1 	 2 
 Site180 	 0.408616520319705 	 1 	 2 
 Site181 	 1 	 1 	 2 
 Site182 	 1 	 1 	 2 
 Site183 	 1 	 1 	 2 
 Site184 	 1 	 1 	 2 
 Site185 	 1 	 1 	 2 
 Site186 	 1 	 1 	 2 
 Site187 	 0.728151461652325 	 1 	 2 
 Site188 	 1 	 1 	 2 
 Site189 	 2.71674832446072e-06 	 1 	 2 
 Site190 	 1 	 1 	 2 
 Site191 	 1 	 1 	 2 
 Site192 	 1 	 1 	 2 
 Site193 	 1.21054935743739e-06 	 1 	 2 
 Site194 	 1 	 1 	 2 
 Site195 	 0.235304172545042 	 1 	 2 
 Site196 	 1 	 1 	 2 
 Site197 	 6.70269624236165e-07 	 1 	 2 
 Site198 	 1 	 1 	 2 
 Site199 	 1 	 1 	 2 
 Site200 	 1.74617581781365e-07 	 1 	 2 
 Site201 	 0.14066196936675 	 1 	 2 
 Site202 	 1.10404381719258e-07 	 1 	 2 
 Site203 	 1.71711853617155e-06 	 1 	 2 
 Site204 	 0.408616520319705 	 1 	 2 
 Site205 	 5.30306046831195e-07 	 1 	 2 
 Site206 	 1 	 1 	 2 
 Site207 	 1 	 1 	 2 
 Site208 	 0.346024959519557 	 1 	 2 
 Site209 	 1 	 1 	 2 
 Site210 	 3.0836113360866e-90 	 1 	 2 
 Site211 	 0.516502699721415 	 1 	 2 
 Site212 	 1.28996514900625e-46 	 1 	 2 
 Site213 	 6.24326517361249e-190 	 1 	 2 
 Site214 	 6.32653120192792e-230 	 1 	 2 
 Site215 	 1 	 1 	 2 
 Site216 	 1.21054595584515e-06 	 1 	 2 
 Site217 	 1 	 1 	 2 
 Site218 	 1 	 1 	 2 
 Site219 	 1 	 1 	 2 
 Site220 	 1.7171206011001e-06 	 1 	 2 
 Site221 	 3.6051019767401e-29 	 1 	 2 
 Site222 	 0.0669309281920487 	 1 	 2 
 Site223 	 1 	 1 	 2 
 Site224 	 0.354035120825997 	 1 	 2 
 Site225 	 1 	 1 	 2 
 Site226 	 0.235304172545042 	 1 	 2 
 Site227 	 0.361809876345847 	 1 	 2 
 Site228 	 1 	 1 	 2 
 Site229 	 1 	 1 	 2 
 Site230 	 0.453297972862808 	 1 	 2 
 Site231 	 0.10208949375177 	 1 	 2 
 Site232 	 2.49122349409162e-07 	 1 	 2 
 Site233 	 3.90625512605473e-07 	 1 	 2 
 Site234 	 1 	 1 	 2 
 Site235 	 1 	 1 	 2 
 Site236 	 5.81958534150828e-08 	 1 	 2 
 Site237 	 1 	 1 	 2 
 Site238 	 2.33059064019707e-49 	 1 	 2 
 Site239 	 0.354035120825997 	 1 	 2 
 Site240 	 0.46057689274275 	 1 	 2 
 Site241 	 1 	 1 	 2 
 Site242 	 1 	 1 	 2 
 Site243 	 6.41359182909689e-34 	 1 	 2 
 Site244 	 6.48792227830688e-06 	 1 	 2 
 Site245 	 0.354035120825997 	 1 	 2 
 Site246 	 1 	 1 	 2 
 Site247 	 1 	 1 	 2 
 Site248 	 1 	 1 	 2 
 Site249 	 2.03735304940203e-209 	 1 	 2 
 Site250 	 0.196279777582128 	 1 	 2 
 Site251 	 0.0323832555938626 	 1 	 2 
 Site252 	 1 	 1 	 2 
 Site253 	 0.196279777582128 	 1 	 2 
 Site254 	 1 	 1 	 2 
 Site255 	 0.0143017931734825 	 1 	 2 
 Site256 	 0.408978245843671 	 1 	 2 
 Site257 	 1 	 1 	 2 
 Site258 	 1.21054814277489e-06 	 1 	 2 
 Site259 	 4.73641347882752e-63 	 1 	 2 
 Site260 	 0.196279777582128 	 1 	 2 
 Site261 	 0.263622121653209 	 1 	 2 
 Site262 	 1 	 1 	 2 
 Site263 	 8.66790738459259e-09 	 1 	 2 
 Site264 	 0.457258824640908 	 1 	 2 
 Site265 	 1 	 1 	 2 
 Site266 	 1 	 1 	 2 
 Site267 	 0.326130375720621 	 1 	 2 
 Site268 	 0.564235213558503 	 1 	 2 
 Site269 	 0.692302715686427 	 1 	 2 
 Site270 	 1 	 1 	 2 
 Site271 	 1 	 1 	 2 
 Site272 	 6.52385794374505e-48 	 1 	 2 
 Site273 	 1 	 1 	 2 
 Site274 	 1 	 1 	 2 
 Site275 	 7.43835443456209e-27 	 1 	 2 
 Site276 	 1 	 1 	 2 
 Site277 	 2.78903776322595e-24 	 1 	 2 
 Site278 	 5.44385573147872e-07 	 1 	 2 
 Site279 	 2.96221802227076e-173 	 1 	 2 
 Site280 	 1 	 1 	 2 
 Site281 	 0.0819333698367243 	 1 	 2 
 Site282 	 1 	 1 	 2 
 Site283 	 0.259552901443306 	 1 	 2 
 Site284 	 0.238620005000112 	 1 	 2 
 Site285 	 5.22022273585155e-48 	 1 	 2 
 Site286 	 0.340082731681718 	 1 	 2 
 Site287 	 1 	 1 	 2 
 Site288 	 1 	 1 	 2 
 Site289 	 1 	 1 	 2 
 Site290 	 4.24496369518673e-39 	 1 	 2 
 Site291 	 1 	 1 	 2 
 Site292 	 0.326529575652254 	 1 	 2 
 Site293 	 4.26808440078283e-24 	 1 	 2 
 Site294 	 1 	 1 	 2 
 Site295 	 0.54253696421386 	 1 	 2 
 Site296 	 0.382325293338094 	 1 	 2 
 Site297 	 6.06891774242488e-07 	 1 	 2 
 Site298 	 1 	 1 	 2 
 Site299 	 1 	 1 	 2 
 Site300 	 0.443956270691582 	 1 	 2 
 Site301 	 3.38876831562498e-26 	 1 	 2 
 Site302 	 0.190653067259771 	 1 	 2 
 Site303 	 0.0586906666612561 	 1 	 2 
 Site304 	 1 	 1 	 2 
 Site305 	 6.19955140079461e-198 	 1 	 2 
 Site306 	 2.84436617084065e-05 	 1 	 2 
 Site307 	 1.14271560900512e-23 	 1 	 2 
 Site308 	 6.4102377944459e-245 	 1 	 2 
 Site309 	 1.06807002479659e-20 	 1 	 2 
 Site310 	 1 	 1 	 2 
 Site311 	 1 	 1 	 2 
 Site312 	 0.000109924365697026 	 1 	 2 
 Site313 	 3.66270778881512e-05 	 1 	 2 
 Site314 	 4.56711557817509e-05 	 1 	 2 
 Site315 	 1.01041560784419e-05 	 1 	 2 
 Site316 	 2.15757323478766e-22 	 1 	 2 
 Site317 	 1.25318796713499e-05 	 1 	 2 
 Site318 	 2.295111975907e-28 	 1 	 2 
 Site319 	 3.94685868780286e-50 	 1 	 2 
 Site320 	 1.25318796713499e-05 	 1 	 2 
 Site321 	 1.46241859261068e-05 	 1 	 2 
 Site322 	 4.41755803970487e-10 	 1 	 2 
 Site323 	 1.50899752261979e-28 	 1 	 2 
 Site324 	 4.53613067093132e-289 	 1 	 2 
 Site325 	 1 	 1 	 2 
 Site326 	 1 	 1 	 2 
 Site327 	 1 	 1 	 2 
 Site328 	 1 	 1 	 2 
 Site329 	 1.23032162349168e-05 	 1 	 2 
 Site330 	 1.23032162349168e-05 	 1 	 2 
 Site331 	 1.23032162349168e-05 	 1 	 2 
 Site332 	 2.82773583683439e-06 	 1 	 2 
 Site333 	 2.70418360712307e-10 	 1 	 2 
 Site334 	 2.9216317071098e-06 	 1 	 2 
 Site335 	 2.70158592753161e-05 	 1 	 2 
 Site336 	 6.01757404292806e-05 	 1 	 2 
 Site337 	 2.28495821687804e-05 	 1 	 2 
 Site338 	 9.70775184805012e-06 	 1 	 2 
 Site339 	 1 	 1 	 2 
 Site340 	 1 	 1 	 2 
 Site341 	 1 	 1 	 2 
 Site342 	 1 	 1 	 2 
 Site343 	 1.44101979804749e-09 	 1 	 2 
 Site344 	 1 	 1 	 2 
 Site345 	 1 	 1 	 2 
 Site346 	 3.14558590104532e-121 	 1 	 2 
 Site347 	 6.44784468353074e-05 	 1 	 2 
 Site348 	 1 	 1 	 2 
 Site349 	 1.91714344874711e-05 	 1 	 2 
 Site350 	 1 	 1 	 2 
 Site351 	 4.06443887275748e-06 	 1 	 2 
 Site352 	 1 	 1 	 2 
 Site353 	 2.02093166956121e-06 	 1 	 2 
"
