"resultMC"
"1" "Site Number	P-Value for Pairwise Comparison	Group 1 in Comparison	Group 2 in Comparison
 Site1 	 0.838928274920622 	 1 	 2 
 Site2 	 1 	 1 	 2 
 Site3 	 0.841678534185544 	 1 	 2 
 Site4 	 0.927931540542912 	 1 	 2 
 Site5 	 6.82590445565012e-31 	 1 	 2 
 Site6 	 0.182970775145503 	 1 	 2 
 Site7 	 1.12040606315174e-23 	 1 	 2 
 Site8 	 1 	 1 	 2 
 Site9 	 1 	 1 	 2 
 Site10 	 1 	 1 	 2 
 Site11 	 1.01264029882183e-35 	 1 	 2 
 Site12 	 0.998844963069552 	 1 	 2 
 Site13 	 0.283132421918442 	 1 	 2 
 Site14 	 3.54334687481406e-08 	 1 	 2 
 Site15 	 0.666466953672386 	 1 	 2 
 Site16 	 0.670290182142105 	 1 	 2 
 Site17 	 1 	 1 	 2 
 Site18 	 0.847166960282858 	 1 	 2 
 Site19 	 1.66061349339382e-05 	 1 	 2 
 Site20 	 0.855361822584073 	 1 	 2 
 Site21 	 0.0340194476704044 	 1 	 2 
 Site22 	 1 	 1 	 2 
 Site23 	 1 	 1 	 2 
 Site24 	 2.01144513233507e-28 	 1 	 2 
 Site25 	 1 	 1 	 2 
 Site26 	 1 	 1 	 2 
 Site27 	 1 	 1 	 2 
 Site28 	 0.952141378051314 	 1 	 2 
 Site29 	 1 	 1 	 2 
 Site30 	 1 	 1 	 2 
 Site31 	 1 	 1 	 2 
 Site32 	 0.958928871807228 	 1 	 2 
 Site33 	 1 	 1 	 2 
 Site34 	 2.69250592252538e-33 	 1 	 2 
 Site35 	 1.71792635850452e-42 	 1 	 2 
 Site36 	 2.44395542572686e-11 	 1 	 2 
 Site37 	 2.18304946631796e-13 	 1 	 2 
 Site38 	 1 	 1 	 2 
 Site39 	 0.985217111028051 	 1 	 2 
 Site40 	 1 	 1 	 2 
 Site41 	 4.18557648623767e-57 	 1 	 2 
 Site42 	 0.991060758648232 	 1 	 2 
 Site43 	 1.54609903655201e-05 	 1 	 2 
 Site44 	 3.69178290855841e-46 	 1 	 2 
 Site45 	 4.83220681693326e-35 	 1 	 2 
 Site46 	 4.09674387158115e-132 	 1 	 2 
 Site47 	 1 	 1 	 2 
 Site48 	 1 	 1 	 2 
 Site49 	 1 	 1 	 2 
 Site50 	 1 	 1 	 2 
 Site51 	 1.05399732532994e-05 	 1 	 2 
 Site52 	 0.00826973920862927 	 1 	 2 
 Site53 	 0.994897665664334 	 1 	 2 
 Site54 	 1 	 1 	 2 
 Site55 	 0.974231462017489 	 1 	 2 
 Site56 	 0.886215816157717 	 1 	 2 
 Site57 	 2.99134392806771e-44 	 1 	 2 
 Site58 	 1 	 1 	 2 
 Site59 	 0.997967669404507 	 1 	 2 
 Site60 	 2.65717242786226e-11 	 1 	 2 
 Site61 	 1 	 1 	 2 
 Site62 	 1 	 1 	 2 
 Site63 	 0.00225025765775966 	 1 	 2 
 Site64 	 1.81866830553766e-07 	 1 	 2 
 Site65 	 1.10325176153735e-35 	 1 	 2 
 Site66 	 1 	 1 	 2 
 Site67 	 0.00146367325047784 	 1 	 2 
 Site68 	 0.858730310803698 	 1 	 2 
 Site69 	 1 	 1 	 2 
 Site70 	 2.61859615876981e-238 	 1 	 2 
 Site71 	 1 	 1 	 2 
 Site72 	 1.95334365404302e-90 	 1 	 2 
 Site73 	 4.87480172680954e-32 	 1 	 2 
 Site74 	 0.985217111028051 	 1 	 2 
 Site75 	 1 	 1 	 2 
 Site76 	 0.97424990996518 	 1 	 2 
 Site77 	 4.94065645841247e-324 	 1 	 2 
 Site78 	 2.67144698578933e-07 	 1 	 2 
 Site79 	 9.61393685491502e-301 	 1 	 2 
 Site80 	 2.07680494229368e-319 	 1 	 2 
 Site81 	 0.905821036391067 	 1 	 2 
 Site82 	 0.743850648575757 	 1 	 2 
 Site83 	 1.48453206076653e-54 	 1 	 2 
 Site84 	 2.18220724119291e-11 	 1 	 2 
 Site85 	 4.84537646310489e-30 	 1 	 2 
 Site86 	 1 	 1 	 2 
 Site87 	 1.21252050861759e-33 	 1 	 2 
 Site88 	 0.000108365982736833 	 1 	 2 
 Site89 	 6.98511313216331e-05 	 1 	 2 
 Site90 	 8.91137253599195e-06 	 1 	 2 
 Site91 	 1 	 1 	 2 
 Site92 	 6.26872727430868e-07 	 1 	 2 
 Site93 	 1 	 1 	 2 
 Site94 	 3.01657921332232e-37 	 1 	 2 
 Site95 	 1 	 1 	 2 
 Site96 	 9.24805827600181e-19 	 1 	 2 
 Site97 	 2.76560185618888e-33 	 1 	 2 
 Site98 	 8.8457000957205e-53 	 1 	 2 
 Site99 	 4.75389964428447e-320 	 1 	 2 
 Site100 	 1.43337651393088e-06 	 1 	 2 
 Site101 	 1 	 1 	 2 
 Site102 	 1 	 1 	 2 
 Site103 	 1 	 1 	 2 
 Site104 	 1 	 1 	 2 
 Site105 	 7.59688043001183e-300 	 1 	 2 
 Site106 	 1 	 1 	 2 
 Site107 	 1 	 1 	 2 
 Site108 	 1 	 1 	 2 
 Site109 	 1 	 1 	 2 
 Site110 	 1 	 1 	 2 
 Site111 	 1.57399993179515e-05 	 1 	 2 
 Site112 	 1 	 1 	 2 
 Site113 	 1.65579440561557e-06 	 1 	 2 
 Site114 	 2.85863426906311e-29 	 1 	 2 
 Site115 	 0.998680107826994 	 1 	 2 
 Site116 	 0.99775242673698 	 1 	 2 
 Site117 	 6.29217129786107e-26 	 1 	 2 
 Site118 	 0.998944683659938 	 1 	 2 
 Site119 	 0.998681181609904 	 1 	 2 
 Site120 	 0.999986668527499 	 1 	 2 
 Site121 	 1 	 1 	 2 
 Site122 	 1 	 1 	 2 
 Site123 	 1 	 1 	 2 
 Site124 	 1.22919329017833e-26 	 1 	 2 
 Site125 	 4.55753286278188e-53 	 1 	 2 
 Site126 	 6.48133578878051e-28 	 1 	 2 
 Site127 	 1 	 1 	 2 
 Site128 	 1 	 1 	 2 
 Site129 	 1 	 1 	 2 
 Site130 	 0.998388577659745 	 1 	 2 
 Site131 	 1 	 1 	 2 
 Site132 	 9.82695030601279e-74 	 1 	 2 
 Site133 	 0.992408871780451 	 1 	 2 
 Site134 	 8.83962293161647e-23 	 1 	 2 
 Site135 	 1.25837835571548e-08 	 1 	 2 
 Site136 	 0.999718493364927 	 1 	 2 
 Site137 	 0.992408871780451 	 1 	 2 
 Site138 	 1 	 1 	 2 
 Site139 	 1 	 1 	 2 
 Site140 	 1 	 1 	 2 
 Site141 	 4.61847550507773e-27 	 1 	 2 
 Site142 	 0.985032205081945 	 1 	 2 
 Site143 	 0.998389404688941 	 1 	 2 
 Site144 	 0.987801250853225 	 1 	 2 
 Site145 	 1 	 1 	 2 
 Site146 	 1 	 1 	 2 
 Site147 	 5.52902968522459e-14 	 1 	 2 
 Site148 	 0.957979965004218 	 1 	 2 
 Site149 	 1 	 1 	 2 
 Site150 	 0.992408871780451 	 1 	 2 
 Site151 	 0.992408871780451 	 1 	 2 
 Site152 	 4.28462110983119e-10 	 1 	 2 
 Site153 	 1.40218267225954e-235 	 1 	 2 
 Site154 	 3.51520848741252e-306 	 1 	 2 
 Site155 	 4.56872026282734e-304 	 1 	 2 
 Site156 	 0.999924199718434 	 1 	 2 
 Site157 	 1 	 1 	 2 
 Site158 	 4.76981663679483e-34 	 1 	 2 
 Site159 	 0.998944683659938 	 1 	 2 
 Site160 	 1 	 1 	 2 
 Site161 	 0.992408871780451 	 1 	 2 
 Site162 	 4.52794765381384e-21 	 1 	 2 
 Site163 	 5.43354431845388e-06 	 1 	 2 
 Site164 	 2.13614373996707e-07 	 1 	 2 
 Site165 	 0.998681181609904 	 1 	 2 
 Site166 	 1.37956283161067e-32 	 1 	 2 
 Site167 	 3.55909315861998e-181 	 1 	 2 
 Site168 	 1 	 1 	 2 
 Site169 	 1 	 1 	 2 
 Site170 	 1 	 1 	 2 
 Site171 	 1 	 1 	 2 
 Site172 	 1 	 1 	 2 
 Site173 	 1 	 1 	 2 
 Site174 	 5.12873843479085e-203 	 1 	 2 
 Site175 	 2.76599947749911e-17 	 1 	 2 
 Site176 	 0.00219550068798075 	 1 	 2 
 Site177 	 1 	 1 	 2 
 Site178 	 1 	 1 	 2 
 Site179 	 0.992408871780451 	 1 	 2 
 Site180 	 0.993686635806272 	 1 	 2 
 Site181 	 3.82007254553753e-301 	 1 	 2 
 Site182 	 1 	 1 	 2 
 Site183 	 2.24577890440967e-33 	 1 	 2 
 Site184 	 1 	 1 	 2 
 Site185 	 4.44319192072642e-30 	 1 	 2 
 Site186 	 4.53566307957488e-08 	 1 	 2 
 Site187 	 0.999939019319336 	 1 	 2 
 Site188 	 3.98863946048563e-18 	 1 	 2 
 Site189 	 1 	 1 	 2 
 Site190 	 1.56331242549347e-167 	 1 	 2 
 Site191 	 1 	 1 	 2 
 Site192 	 3.84989992519169e-37 	 1 	 2 
 Site193 	 1 	 1 	 2 
 Site194 	 1 	 1 	 2 
 Site195 	 0.957979965004218 	 1 	 2 
 Site196 	 1 	 1 	 2 
 Site197 	 1 	 1 	 2 
 Site198 	 1 	 1 	 2 
 Site199 	 1 	 1 	 2 
 Site200 	 1 	 1 	 2 
 Site201 	 0.798240421089473 	 1 	 2 
 Site202 	 1 	 1 	 2 
 Site203 	 1 	 1 	 2 
 Site204 	 0.993686635806272 	 1 	 2 
 Site205 	 1 	 1 	 2 
 Site206 	 5.8502875568142e-33 	 1 	 2 
 Site207 	 1 	 1 	 2 
 Site208 	 0.999962809075653 	 1 	 2 
 Site209 	 2.58789868586873e-91 	 1 	 2 
 Site210 	 0.0208017863606347 	 1 	 2 
 Site211 	 0.998944683659938 	 1 	 2 
 Site212 	 1 	 1 	 2 
 Site213 	 1.75214692401151e-125 	 1 	 2 
 Site214 	 1 	 1 	 2 
 Site215 	 1 	 1 	 2 
 Site216 	 1 	 1 	 2 
 Site217 	 1 	 1 	 2 
 Site218 	 1 	 1 	 2 
 Site219 	 1 	 1 	 2 
 Site220 	 1 	 1 	 2 
 Site221 	 1 	 1 	 2 
 Site222 	 0.998389404688941 	 1 	 2 
 Site223 	 1 	 1 	 2 
 Site224 	 0.992408871780451 	 1 	 2 
 Site225 	 1 	 1 	 2 
 Site226 	 0.957979965004218 	 1 	 2 
 Site227 	 0.998069652322002 	 1 	 2 
 Site228 	 1 	 1 	 2 
 Site229 	 4.07430062246634e-30 	 1 	 2 
 Site230 	 0.999652536339641 	 1 	 2 
 Site231 	 0.999907139289056 	 1 	 2 
 Site232 	 1 	 1 	 2 
 Site233 	 1 	 1 	 2 
 Site234 	 2.91316828100594e-33 	 1 	 2 
 Site235 	 1 	 1 	 2 
 Site236 	 1 	 1 	 2 
 Site237 	 3.71190706677771e-05 	 1 	 2 
 Site238 	 3.69820362526187e-177 	 1 	 2 
 Site239 	 0.992408871780451 	 1 	 2 
 Site240 	 0.998681181609904 	 1 	 2 
 Site241 	 0.772376949163652 	 1 	 2 
 Site242 	 2.23284601924186e-08 	 1 	 2 
 Site243 	 1 	 1 	 2 
 Site244 	 1 	 1 	 2 
 Site245 	 0.992408871780451 	 1 	 2 
 Site246 	 1 	 1 	 2 
 Site247 	 3.89327627022854e-54 	 1 	 2 
 Site248 	 2.53267183466272e-306 	 1 	 2 
 Site249 	 5.89356449394747e-45 	 1 	 2 
 Site250 	 0.952619064616038 	 1 	 2 
 Site251 	 0.989643314765872 	 1 	 2 
 Site252 	 1.11618685984964e-51 	 1 	 2 
 Site253 	 0.952619064616038 	 1 	 2 
 Site254 	 1 	 1 	 2 
 Site255 	 0.985033951390666 	 1 	 2 
 Site256 	 0.998388577659745 	 1 	 2 
 Site257 	 4.82975393518319e-125 	 1 	 2 
 Site258 	 1 	 1 	 2 
 Site259 	 0.586517238092676 	 1 	 2 
 Site260 	 0.952619064616038 	 1 	 2 
 Site261 	 0.989643314765872 	 1 	 2 
 Site262 	 3.09399275889103e-30 	 1 	 2 
 Site263 	 1 	 1 	 2 
 Site264 	 0.99105702153045 	 1 	 2 
 Site265 	 1.26755865425516e-07 	 1 	 2 
 Site266 	 1 	 1 	 2 
 Site267 	 0.952619064616038 	 1 	 2 
 Site268 	 0.998388577659745 	 1 	 2 
 Site269 	 0.999939066003817 	 1 	 2 
 Site270 	 1 	 1 	 2 
 Site271 	 1 	 1 	 2 
 Site272 	 1 	 1 	 2 
 Site273 	 1 	 1 	 2 
 Site274 	 6.98304072775873e-07 	 1 	 2 
 Site275 	 0.65443722943471 	 1 	 2 
 Site276 	 1 	 1 	 2 
 Site277 	 1 	 1 	 2 
 Site278 	 1 	 1 	 2 
 Site279 	 1 	 1 	 2 
 Site280 	 1 	 1 	 2 
 Site281 	 0.947280508385417 	 1 	 2 
 Site282 	 5.09366839622184e-24 	 1 	 2 
 Site283 	 0.98815754454694 	 1 	 2 
 Site284 	 0.98662482216031 	 1 	 2 
 Site285 	 1 	 1 	 2 
 Site286 	 0.986619126772748 	 1 	 2 
 Site287 	 7.6794183134087e-157 	 1 	 2 
 Site288 	 1.59436769680612e-14 	 1 	 2 
 Site289 	 1.97474530523686e-42 	 1 	 2 
 Site290 	 1 	 1 	 2 
 Site291 	 1 	 1 	 2 
 Site292 	 0.991055416839642 	 1 	 2 
 Site293 	 1 	 1 	 2 
 Site294 	 1 	 1 	 2 
 Site295 	 0.999578010956341 	 1 	 2 
 Site296 	 0.998068362959438 	 1 	 2 
 Site297 	 1 	 1 	 2 
 Site298 	 2.27914743738526e-05 	 1 	 2 
 Site299 	 2.41075345568449e-42 	 1 	 2 
 Site300 	 0.996939858052757 	 1 	 2 
 Site301 	 1 	 1 	 2 
 Site302 	 0.999479994263174 	 1 	 2 
 Site303 	 0.964595007719764 	 1 	 2 
 Site304 	 1.26065078662145e-298 	 1 	 2 
 Site305 	 2.59927440308647e-05 	 1 	 2 
 Site306 	 0.863518069997338 	 1 	 2 
 Site307 	 0.32644143385879 	 1 	 2 
 Site308 	 2.38596838597736e-62 	 1 	 2 
 Site309 	 0.378871489588921 	 1 	 2 
 Site310 	 1 	 1 	 2 
 Site311 	 6.6612462161388e-09 	 1 	 2 
 Site312 	 0.941982619816355 	 1 	 2 
 Site313 	 0.941982619816355 	 1 	 2 
 Site314 	 0.860807976022027 	 1 	 2 
 Site315 	 0.841700855781399 	 1 	 2 
 Site316 	 0.623175935059032 	 1 	 2 
 Site317 	 0.685797744078626 	 1 	 2 
 Site318 	 9.85077851805591e-19 	 1 	 2 
 Site319 	 7.69020566777744e-211 	 1 	 2 
 Site320 	 0.685797744078626 	 1 	 2 
 Site321 	 0.69367357199966 	 1 	 2 
 Site322 	 1 	 1 	 2 
 Site323 	 1 	 1 	 2 
 Site324 	 9.31631843413544e-28 	 1 	 2 
 Site325 	 1 	 1 	 2 
 Site326 	 2.06592716670099e-07 	 1 	 2 
 Site327 	 1 	 1 	 2 
 Site328 	 4.09582599608281e-06 	 1 	 2 
 Site329 	 0.662668468996149 	 1 	 2 
 Site330 	 0.662668468996149 	 1 	 2 
 Site331 	 0.662668468996149 	 1 	 2 
 Site332 	 0.63298200232241 	 1 	 2 
 Site333 	 1 	 1 	 2 
 Site334 	 0.00252115538153366 	 1 	 2 
 Site335 	 0.916290078158171 	 1 	 2 
 Site336 	 0.965244439294742 	 1 	 2 
 Site337 	 0.916296367025767 	 1 	 2 
 Site338 	 0.816815987046956 	 1 	 2 
 Site339 	 1 	 1 	 2 
 Site340 	 2.25630911696663e-12 	 1 	 2 
 Site341 	 1 	 1 	 2 
 Site342 	 1 	 1 	 2 
 Site343 	 1 	 1 	 2 
 Site344 	 1 	 1 	 2 
 Site345 	 1 	 1 	 2 
 Site346 	 0.00141055727938103 	 1 	 2 
 Site347 	 0.994692755656352 	 1 	 2 
 Site348 	 7.65770990167541e-84 	 1 	 2 
 Site349 	 0.912863213318286 	 1 	 2 
 Site350 	 1 	 1 	 2 
 Site351 	 0.853016454471055 	 1 	 2 
 Site352 	 7.81752732228707e-39 	 1 	 2 
 Site353 	 0.615076192073484 	 1 	 2 
"
