"resultMC"
"1" "Site Number	P-Value for Pairwise Comparison	Group 1 in Comparison	Group 2 in Comparison
 Site1 	 4.17728568336414e-26 	 1 	 2 
 Site2 	 1 	 1 	 2 
 Site3 	 1.03417803476154e-19 	 1 	 2 
 Site4 	 6.44309966180568e-14 	 1 	 2 
 Site5 	 1 	 1 	 2 
 Site6 	 7.14776560998099e-143 	 1 	 2 
 Site7 	 1.04378396050378e-106 	 1 	 2 
 Site8 	 1 	 1 	 2 
 Site9 	 2.24727500497524e-116 	 1 	 2 
 Site10 	 1 	 1 	 2 
 Site11 	 8.18908582984671e-64 	 1 	 2 
 Site12 	 1.85907877159868e-10 	 1 	 2 
 Site13 	 1 	 1 	 2 
 Site14 	 1.95267790677609e-109 	 1 	 2 
 Site15 	 1.38441509406887e-20 	 1 	 2 
 Site16 	 1.40777159690203e-20 	 1 	 2 
 Site17 	 1 	 1 	 2 
 Site18 	 7.86006704034776e-09 	 1 	 2 
 Site19 	 2.61414258956944e-131 	 1 	 2 
 Site20 	 2.58351018395959e-13 	 1 	 2 
 Site21 	 4.36281512641259e-41 	 1 	 2 
 Site22 	 1 	 1 	 2 
 Site23 	 6.65648370810648e-29 	 1 	 2 
 Site24 	 5.70794679904348e-101 	 1 	 2 
 Site25 	 6.22136366536272e-12 	 1 	 2 
 Site26 	 1.61938669075641e-103 	 1 	 2 
 Site27 	 2.3432967997051e-107 	 1 	 2 
 Site28 	 1.44990016242269e-12 	 1 	 2 
 Site29 	 1 	 1 	 2 
 Site30 	 2.3433118344113e-107 	 1 	 2 
 Site31 	 1.81797547569125e-106 	 1 	 2 
 Site32 	 1.57290783583311e-12 	 1 	 2 
 Site33 	 5.48161502189248e-08 	 1 	 2 
 Site34 	 1.02863382618861e-109 	 1 	 2 
 Site35 	 1 	 1 	 2 
 Site36 	 3.92433904553489e-46 	 1 	 2 
 Site37 	 3.18449244734202e-80 	 1 	 2 
 Site38 	 4.54848530146302e-34 	 1 	 2 
 Site39 	 1.22120384255384e-13 	 1 	 2 
 Site40 	 1 	 1 	 2 
 Site41 	 1.2495820104646e-70 	 1 	 2 
 Site42 	 6.82211929953276e-13 	 1 	 2 
 Site43 	 2.05835410045025e-29 	 1 	 2 
 Site44 	 1.45216054042612e-134 	 1 	 2 
 Site45 	 2.87410876416125e-41 	 1 	 2 
 Site46 	 1 	 1 	 2 
 Site47 	 1 	 1 	 2 
 Site48 	 1 	 1 	 2 
 Site49 	 7.92936282179669e-20 	 1 	 2 
 Site50 	 9.69054274416074e-77 	 1 	 2 
 Site51 	 5.7823151464216e-46 	 1 	 2 
 Site52 	 1 	 1 	 2 
 Site53 	 3.10413705580395e-19 	 1 	 2 
 Site54 	 1.57829767196329e-164 	 1 	 2 
 Site55 	 6.17873127958266e-15 	 1 	 2 
 Site56 	 1.26295896331382e-14 	 1 	 2 
 Site57 	 1.08859034122588e-35 	 1 	 2 
 Site58 	 1 	 1 	 2 
 Site59 	 7.5230190591014e-13 	 1 	 2 
 Site60 	 6.36250490997595e-49 	 1 	 2 
 Site61 	 9.34548672109065e-133 	 1 	 2 
 Site62 	 5.32514524951998e-19 	 1 	 2 
 Site63 	 1.2232094409645e-261 	 1 	 2 
 Site64 	 3.67732163608465e-14 	 1 	 2 
 Site65 	 2.05768264882541e-38 	 1 	 2 
 Site66 	 1.97273907201475e-142 	 1 	 2 
 Site67 	 9.71362372928262e-35 	 1 	 2 
 Site68 	 3.62584114798742e-21 	 1 	 2 
 Site69 	 1 	 1 	 2 
 Site70 	 1 	 1 	 2 
 Site71 	 7.14024948561669e-114 	 1 	 2 
 Site72 	 1 	 1 	 2 
 Site73 	 1 	 1 	 2 
 Site74 	 1.22120384255384e-13 	 1 	 2 
 Site75 	 9.95294043298266e-13 	 1 	 2 
 Site76 	 4.20304435347834e-20 	 1 	 2 
 Site77 	 1 	 1 	 2 
 Site78 	 2.19795806305452e-36 	 1 	 2 
 Site79 	 9.16807684681212e-13 	 1 	 2 
 Site80 	 1 	 1 	 2 
 Site81 	 3.53838695892471e-13 	 1 	 2 
 Site82 	 3.55797050437665e-13 	 1 	 2 
 Site83 	 6.51923707411471e-111 	 1 	 2 
 Site84 	 3.45665170454514e-49 	 1 	 2 
 Site85 	 1 	 1 	 2 
 Site86 	 5.74587879987936e-28 	 1 	 2 
 Site87 	 2.7122087903275e-31 	 1 	 2 
 Site88 	 1.04689433326013e-27 	 1 	 2 
 Site89 	 1.13144023063148e-26 	 1 	 2 
 Site90 	 2.13782974036072e-29 	 1 	 2 
 Site91 	 1.3029726199609e-22 	 1 	 2 
 Site92 	 1 	 1 	 2 
 Site93 	 3.96116741790331e-148 	 1 	 2 
 Site94 	 3.60527146540876e-126 	 1 	 2 
 Site95 	 1 	 1 	 2 
 Site96 	 1 	 1 	 2 
 Site97 	 4.16004661826002e-155 	 1 	 2 
 Site98 	 1 	 1 	 2 
 Site99 	 1 	 1 	 2 
 Site100 	 1.07169653179476e-06 	 1 	 2 
 Site101 	 9.85582204225707e-94 	 1 	 2 
 Site102 	 1 	 1 	 2 
 Site103 	 3.26376192066958e-90 	 1 	 2 
 Site104 	 1.65702945771079e-17 	 1 	 2 
 Site105 	 1 	 1 	 2 
 Site106 	 1 	 1 	 2 
 Site107 	 1 	 1 	 2 
 Site108 	 1 	 1 	 2 
 Site109 	 1 	 1 	 2 
 Site110 	 3.86287426694695e-26 	 1 	 2 
 Site111 	 2.95078554441462e-19 	 1 	 2 
 Site112 	 1 	 1 	 2 
 Site113 	 1 	 1 	 2 
 Site114 	 4.69577200195483e-91 	 1 	 2 
 Site115 	 0.987856106007436 	 1 	 2 
 Site116 	 0.970056597010781 	 1 	 2 
 Site117 	 1.304590940066e-80 	 1 	 2 
 Site118 	 0.990109430511587 	 1 	 2 
 Site119 	 0.00682726184003646 	 1 	 2 
 Site120 	 0.0453553951839205 	 1 	 2 
 Site121 	 3.22457901589992e-96 	 1 	 2 
 Site122 	 1 	 1 	 2 
 Site123 	 1 	 1 	 2 
 Site124 	 5.87019304353787e-237 	 1 	 2 
 Site125 	 1 	 1 	 2 
 Site126 	 2.44465980458047e-72 	 1 	 2 
 Site127 	 1 	 1 	 2 
 Site128 	 1 	 1 	 2 
 Site129 	 1 	 1 	 2 
 Site130 	 0.0638465995010304 	 1 	 2 
 Site131 	 4.77610577849386e-118 	 1 	 2 
 Site132 	 2.19470412487079e-229 	 1 	 2 
 Site133 	 0.00274634895620938 	 1 	 2 
 Site134 	 5.99559481162263e-97 	 1 	 2 
 Site135 	 1.98365424424998e-111 	 1 	 2 
 Site136 	 0.11214042839109 	 1 	 2 
 Site137 	 0.00274634895620938 	 1 	 2 
 Site138 	 1 	 1 	 2 
 Site139 	 1 	 1 	 2 
 Site140 	 1 	 1 	 2 
 Site141 	 2.42495598496205e-93 	 1 	 2 
 Site142 	 0.00253906314589123 	 1 	 2 
 Site143 	 0.00672792991662247 	 1 	 2 
 Site144 	 0.00508396854209646 	 1 	 2 
 Site145 	 1 	 1 	 2 
 Site146 	 1 	 1 	 2 
 Site147 	 1 	 1 	 2 
 Site148 	 0.000872401179164895 	 1 	 2 
 Site149 	 0.00209076558809863 	 1 	 2 
 Site150 	 0.00274634895620938 	 1 	 2 
 Site151 	 0.00274634895620938 	 1 	 2 
 Site152 	 8.83490875542298e-36 	 1 	 2 
 Site153 	 1 	 1 	 2 
 Site154 	 1 	 1 	 2 
 Site155 	 0.000110909307534753 	 1 	 2 
 Site156 	 0.0263114946881981 	 1 	 2 
 Site157 	 0.00209076558809863 	 1 	 2 
 Site158 	 1 	 1 	 2 
 Site159 	 0.990109430511587 	 1 	 2 
 Site160 	 0.00996656605332491 	 1 	 2 
 Site161 	 0.00274634895620938 	 1 	 2 
 Site162 	 2.68318282739771e-59 	 1 	 2 
 Site163 	 8.79524643923422e-21 	 1 	 2 
 Site164 	 1 	 1 	 2 
 Site165 	 0.987857157812199 	 1 	 2 
 Site166 	 1 	 1 	 2 
 Site167 	 1 	 1 	 2 
 Site168 	 9.59325170436408e-18 	 1 	 2 
 Site169 	 0.0209033580898481 	 1 	 2 
 Site170 	 0.0593542768636208 	 1 	 2 
 Site171 	 3.10535101756286e-124 	 1 	 2 
 Site172 	 2.49872492001394e-05 	 1 	 2 
 Site173 	 2.36077116266055e-16 	 1 	 2 
 Site174 	 1 	 1 	 2 
 Site175 	 2.67916071719189e-60 	 1 	 2 
 Site176 	 1 	 1 	 2 
 Site177 	 1 	 1 	 2 
 Site178 	 7.14130763298077e-88 	 1 	 2 
 Site179 	 0.96052615759436 	 1 	 2 
 Site180 	 0.966717331612524 	 1 	 2 
 Site181 	 1 	 1 	 2 
 Site182 	 1 	 1 	 2 
 Site183 	 1 	 1 	 2 
 Site184 	 9.38298012846038e-96 	 1 	 2 
 Site185 	 4.23203564661904e-92 	 1 	 2 
 Site186 	 1.0788782116753e-95 	 1 	 2 
 Site187 	 0.998288996943023 	 1 	 2 
 Site188 	 3.15521853087664e-104 	 1 	 2 
 Site189 	 0.680412088811722 	 1 	 2 
 Site190 	 1 	 1 	 2 
 Site191 	 1 	 1 	 2 
 Site192 	 1 	 1 	 2 
 Site193 	 0.00205905088825447 	 1 	 2 
 Site194 	 1.06439908745687e-69 	 1 	 2 
 Site195 	 0.000872401179164895 	 1 	 2 
 Site196 	 2.65374193475689e-100 	 1 	 2 
 Site197 	 3.94886153811872e-07 	 1 	 2 
 Site198 	 2.31103568924001e-100 	 1 	 2 
 Site199 	 1.10734713440397e-28 	 1 	 2 
 Site200 	 0.235579892699014 	 1 	 2 
 Site201 	 0.65462436578757 	 1 	 2 
 Site202 	 0.351945987155774 	 1 	 2 
 Site203 	 0.559346218757597 	 1 	 2 
 Site204 	 1.41879449495098e-06 	 1 	 2 
 Site205 	 0.2612227319668 	 1 	 2 
 Site206 	 5.02474019779141e-117 	 1 	 2 
 Site207 	 6.82441205265684e-60 	 1 	 2 
 Site208 	 3.81150818738752e-05 	 1 	 2 
 Site209 	 2.27532295736771e-44 	 1 	 2 
 Site210 	 5.67549971993288e-12 	 1 	 2 
 Site211 	 4.95397345237074e-06 	 1 	 2 
 Site212 	 1 	 1 	 2 
 Site213 	 5.02037036214144e-18 	 1 	 2 
 Site214 	 1 	 1 	 2 
 Site215 	 1.00289174908371e-35 	 1 	 2 
 Site216 	 1.36621873279093e-06 	 1 	 2 
 Site217 	 1 	 1 	 2 
 Site218 	 4.37681798274708e-73 	 1 	 2 
 Site219 	 8.65130191839064e-35 	 1 	 2 
 Site220 	 9.47453110939464e-13 	 1 	 2 
 Site221 	 1 	 1 	 2 
 Site222 	 3.30848529094136e-12 	 1 	 2 
 Site223 	 6.13274266922572e-68 	 1 	 2 
 Site224 	 6.93427998630535e-13 	 1 	 2 
 Site225 	 1 	 1 	 2 
 Site226 	 1.12414634689929e-13 	 1 	 2 
 Site227 	 3.25581457220441e-12 	 1 	 2 
 Site228 	 1.21714833076338e-47 	 1 	 2 
 Site229 	 2.10240498993637e-46 	 1 	 2 
 Site230 	 8.60814290290741e-18 	 1 	 2 
 Site231 	 3.69647550700864e-17 	 1 	 2 
 Site232 	 4.15969887413e-19 	 1 	 2 
 Site233 	 8.06238779191088e-20 	 1 	 2 
 Site234 	 1 	 1 	 2 
 Site235 	 2.20204329250782e-111 	 1 	 2 
 Site236 	 6.88897909337287e-18 	 1 	 2 
 Site237 	 2.08617788566019e-105 	 1 	 2 
 Site238 	 1 	 1 	 2 
 Site239 	 6.93427998630535e-13 	 1 	 2 
 Site240 	 3.36199194295751e-12 	 1 	 2 
 Site241 	 4.98559631022606e-74 	 1 	 2 
 Site242 	 1.60859400307758e-110 	 1 	 2 
 Site243 	 1.0431972219112e-14 	 1 	 2 
 Site244 	 1.41108641651074e-11 	 1 	 2 
 Site245 	 6.93427998630535e-13 	 1 	 2 
 Site246 	 5.4940676198399e-34 	 1 	 2 
 Site247 	 9.90138545149522e-186 	 1 	 2 
 Site248 	 3.90901659245566e-68 	 1 	 2 
 Site249 	 2.84853915980995e-37 	 1 	 2 
 Site250 	 3.9357463467864e-20 	 1 	 2 
 Site251 	 2.90872690122954e-19 	 1 	 2 
 Site252 	 1 	 1 	 2 
 Site253 	 3.9357463467864e-20 	 1 	 2 
 Site254 	 1 	 1 	 2 
 Site255 	 2.77014171561098e-19 	 1 	 2 
 Site256 	 1.74495156386429e-18 	 1 	 2 
 Site257 	 1 	 1 	 2 
 Site258 	 5.29778469737047e-14 	 1 	 2 
 Site259 	 1 	 1 	 2 
 Site260 	 4.3256184963478e-09 	 1 	 2 
 Site261 	 2.12854939857427e-08 	 1 	 2 
 Site262 	 1 	 1 	 2 
 Site263 	 1.38877838179612e-11 	 1 	 2 
 Site264 	 2.16325081359604e-08 	 1 	 2 
 Site265 	 1 	 1 	 2 
 Site266 	 1 	 1 	 2 
 Site267 	 4.3256184963478e-09 	 1 	 2 
 Site268 	 8.50821935390785e-08 	 1 	 2 
 Site269 	 8.2884117540098e-07 	 1 	 2 
 Site270 	 1.38503517893472e-29 	 1 	 2 
 Site271 	 1 	 1 	 2 
 Site272 	 1 	 1 	 2 
 Site273 	 1 	 1 	 2 
 Site274 	 7.35954991427189e-25 	 1 	 2 
 Site275 	 0.00187280751760654 	 1 	 2 
 Site276 	 1.18231740951403e-103 	 1 	 2 
 Site277 	 1 	 1 	 2 
 Site278 	 0.0205835708328451 	 1 	 2 
 Site279 	 1 	 1 	 2 
 Site280 	 1 	 1 	 2 
 Site281 	 0.0118971394645056 	 1 	 2 
 Site282 	 1.33688065929025e-78 	 1 	 2 
 Site283 	 3.57087422837828e-06 	 1 	 2 
 Site284 	 3.51406574398786e-06 	 1 	 2 
 Site285 	 1 	 1 	 2 
 Site286 	 3.99200656947009e-11 	 1 	 2 
 Site287 	 1 	 1 	 2 
 Site288 	 5.65005729320871e-49 	 1 	 2 
 Site289 	 1 	 1 	 2 
 Site290 	 0.0649623456919599 	 1 	 2 
 Site291 	 1 	 1 	 2 
 Site292 	 0.00270361021803294 	 1 	 2 
 Site293 	 0.00125927526345607 	 1 	 2 
 Site294 	 6.12058033592258e-240 	 1 	 2 
 Site295 	 0.109431269028176 	 1 	 2 
 Site296 	 0.982751660910139 	 1 	 2 
 Site297 	 0.441223591110631 	 1 	 2 
 Site298 	 2.61171232201165e-17 	 1 	 2 
 Site299 	 1.00315659503816e-21 	 1 	 2 
 Site300 	 0.309552887731238 	 1 	 2 
 Site301 	 1 	 1 	 2 
 Site302 	 1.80954559266014e-18 	 1 	 2 
 Site303 	 0.0815113130596945 	 1 	 2 
 Site304 	 4.65164100129275e-130 	 1 	 2 
 Site305 	 3.98350546560684e-17 	 1 	 2 
 Site306 	 0.524857876044466 	 1 	 2 
 Site307 	 1 	 1 	 2 
 Site308 	 1 	 1 	 2 
 Site309 	 5.83229875724746e-11 	 1 	 2 
 Site310 	 1 	 1 	 2 
 Site311 	 1.07259639923081e-35 	 1 	 2 
 Site312 	 7.2397210192515e-09 	 1 	 2 
 Site313 	 7.2397210192515e-09 	 1 	 2 
 Site314 	 1.65759151141165e-11 	 1 	 2 
 Site315 	 1.5718999018076e-09 	 1 	 2 
 Site316 	 1 	 1 	 2 
 Site317 	 3.26568664263249e-10 	 1 	 2 
 Site318 	 8.78029250263885e-11 	 1 	 2 
 Site319 	 1 	 1 	 2 
 Site320 	 3.26568664263249e-10 	 1 	 2 
 Site321 	 0.017685193539381 	 1 	 2 
 Site322 	 0.0544632773352135 	 1 	 2 
 Site323 	 1 	 1 	 2 
 Site324 	 9.05535796976881e-84 	 1 	 2 
 Site325 	 8.45775026248851e-176 	 1 	 2 
 Site326 	 1 	 1 	 2 
 Site327 	 1 	 1 	 2 
 Site328 	 1.17042719046028e-21 	 1 	 2 
 Site329 	 0.0341621732804014 	 1 	 2 
 Site330 	 0.0341621732804014 	 1 	 2 
 Site331 	 0.0341621732804014 	 1 	 2 
 Site332 	 0.0298061849399839 	 1 	 2 
 Site333 	 0.131094530158174 	 1 	 2 
 Site334 	 0.000220005775539422 	 1 	 2 
 Site335 	 0.000523107741408503 	 1 	 2 
 Site336 	 0.000201960170711686 	 1 	 2 
 Site337 	 7.51661945565398e-05 	 1 	 2 
 Site338 	 2.42004482743145e-05 	 1 	 2 
 Site339 	 1 	 1 	 2 
 Site340 	 2.80724506085329e-48 	 1 	 2 
 Site341 	 7.06387550462235e-22 	 1 	 2 
 Site342 	 1 	 1 	 2 
 Site343 	 0.0818567740574442 	 1 	 2 
 Site344 	 1 	 1 	 2 
 Site345 	 3.67911686834399e-24 	 1 	 2 
 Site346 	 5.74672198600169e-12 	 1 	 2 
 Site347 	 0.00101098676831385 	 1 	 2 
 Site348 	 2.79989135093502e-260 	 1 	 2 
 Site349 	 0.000507240760019003 	 1 	 2 
 Site350 	 1 	 1 	 2 
 Site351 	 0.000308744102076699 	 1 	 2 
 Site352 	 6.46106498975686e-132 	 1 	 2 
 Site353 	 7.12717781578804e-09 	 1 	 2 
"
