"resultMC"
"1" "Site Number	P-Value for Pairwise Comparison	Group 1 in Comparison	Group 2 in Comparison
 Site1 	 4.74653574895996e-133 	 1 	 2 
 Site2 	 1.08509636889653e-122 	 1 	 2 
 Site3 	 1.43982130314107e-05 	 1 	 2 
 Site4 	 1 	 1 	 2 
 Site5 	 1.00603590611042e-07 	 1 	 2 
 Site6 	 1 	 1 	 2 
 Site7 	 1.08385777846822e-249 	 1 	 2 
 Site8 	 1.61599872750944e-64 	 1 	 2 
 Site9 	 0.00602173819604948 	 1 	 2 
 Site10 	 0.00319507846827414 	 1 	 2 
 Site11 	 0.701185128007121 	 1 	 2 
 Site12 	 2.49390632370546e-116 	 1 	 2 
 Site13 	 0.494254320133103 	 1 	 2 
 Site14 	 0.152489848059514 	 1 	 2 
 Site15 	 1.69334330225868e-317 	 1 	 2 
 Site16 	 0.00619759510890445 	 1 	 2 
 Site17 	 0.00944091503475147 	 1 	 2 
 Site18 	 1 	 1 	 2 
 Site19 	 1 	 1 	 2 
 Site20 	 0.432562240363593 	 1 	 2 
 Site21 	 0.00311872900249808 	 1 	 2 
 Site22 	 0.000208245490623836 	 1 	 2 
 Site23 	 1 	 1 	 2 
 Site24 	 0.00978761867870366 	 1 	 2 
 Site25 	 0.0211336674929231 	 1 	 2 
 Site26 	 2.71378889986564e-06 	 1 	 2 
 Site27 	 2.49428696656368e-124 	 1 	 2 
 Site28 	 4.19210927871145e-116 	 1 	 2 
 Site29 	 1 	 1 	 2 
 Site30 	 0.00815353672230979 	 1 	 2 
 Site31 	 1.15691501321211e-23 	 1 	 2 
 Site32 	 0.922801825046133 	 1 	 2 
 Site33 	 5.09054229829278e-135 	 1 	 2 
 Site34 	 2.32284888725516e-22 	 1 	 2 
 Site35 	 6.44351498245492e-70 	 1 	 2 
 Site36 	 1 	 1 	 2 
 Site37 	 1 	 1 	 2 
 Site38 	 0.0209551779807327 	 1 	 2 
 Site39 	 0.954284248775418 	 1 	 2 
 Site40 	 4.05983304622102e-05 	 1 	 2 
 Site41 	 1.54028282567841e-83 	 1 	 2 
 Site42 	 0.0390811178924261 	 1 	 2 
 Site43 	 1 	 1 	 2 
 Site44 	 8.45825943788958e-124 	 1 	 2 
 Site45 	 8.44122292081565e-120 	 1 	 2 
 Site46 	 1 	 1 	 2 
 Site47 	 8.22151155658061e-128 	 1 	 2 
 Site48 	 2.4038872707429e-122 	 1 	 2 
 Site49 	 1 	 1 	 2 
 Site50 	 6.26211919850561e-130 	 1 	 2 
 Site51 	 1 	 1 	 2 
 Site52 	 1 	 1 	 2 
 Site53 	 1 	 1 	 2 
 Site54 	 0.372078829415709 	 1 	 2 
 Site55 	 1 	 1 	 2 
 Site56 	 3.1529290537305e-135 	 1 	 2 
 Site57 	 0.976023267126258 	 1 	 2 
 Site58 	 1 	 1 	 2 
 Site59 	 5.72789141358091e-211 	 1 	 2 
 Site60 	 0.969954692073395 	 1 	 2 
 Site61 	 1.18565446939432e-154 	 1 	 2 
 Site62 	 4.52683971962965e-112 	 1 	 2 
 Site63 	 4.00470739818852e-44 	 1 	 2 
 Site64 	 1 	 1 	 2 
 Site65 	 1 	 1 	 2 
 Site66 	 3.88463104046339e-252 	 1 	 2 
 Site67 	 6.4133672501094e-134 	 1 	 2 
 Site68 	 1 	 1 	 2 
 Site69 	 3.92514603723381e-135 	 1 	 2 
 Site70 	 3.53446215702246e-07 	 1 	 2 
 Site71 	 1 	 1 	 2 
 Site72 	 1 	 1 	 2 
 Site73 	 8.67912013337803e-77 	 1 	 2 
 Site74 	 0.975461552654365 	 1 	 2 
 Site75 	 0.98116524075067 	 1 	 2 
 Site76 	 0.00348400009982954 	 1 	 2 
 Site77 	 5.62314571692891e-124 	 1 	 2 
 Site78 	 0.044210914225838 	 1 	 2 
 Site79 	 0.945884966700935 	 1 	 2 
 Site80 	 1 	 1 	 2 
 Site81 	 1 	 1 	 2 
 Site82 	 6.68166544040504e-116 	 1 	 2 
 Site83 	 1 	 1 	 2 
 Site84 	 7.14421465402916e-129 	 1 	 2 
 Site85 	 7.1442868913779e-129 	 1 	 2 
 Site86 	 8.01508108849572e-132 	 1 	 2 
 Site87 	 0.0775954389354659 	 1 	 2 
 Site88 	 1 	 1 	 2 
 Site89 	 1 	 1 	 2 
 Site90 	 1 	 1 	 2 
 Site91 	 1 	 1 	 2 
 Site92 	 0.0505738400071767 	 1 	 2 
 Site93 	 1.05979213760579e-291 	 1 	 2 
 Site94 	 1 	 1 	 2 
 Site95 	 1 	 1 	 2 
 Site96 	 1 	 1 	 2 
 Site97 	 6.19262857306345e-28 	 1 	 2 
 Site98 	 0.0440110435551199 	 1 	 2 
 Site99 	 0.863915489402901 	 1 	 2 
 Site100 	 0.637143494711877 	 1 	 2 
 Site101 	 0.488177725999679 	 1 	 2 
 Site102 	 1.20840020254659e-06 	 1 	 2 
 Site103 	 0.719482221522966 	 1 	 2 
 Site104 	 0.429250967706873 	 1 	 2 
 Site105 	 0.343558890329165 	 1 	 2 
 Site106 	 0.247098376607799 	 1 	 2 
 Site107 	 0.412268260012731 	 1 	 2 
 Site108 	 1.66239441423489e-14 	 1 	 2 
 Site109 	 0.0076779880464685 	 1 	 2 
 Site110 	 0.084162551468528 	 1 	 2 
 Site111 	 0.651278949255781 	 1 	 2 
 Site112 	 1 	 1 	 2 
 Site113 	 1 	 1 	 2 
 Site114 	 1 	 1 	 2 
 Site115 	 0.000771580060775172 	 1 	 2 
 Site116 	 0.756248750274844 	 1 	 2 
 Site117 	 0.884671211946012 	 1 	 2 
 Site118 	 1.04756781849409e-86 	 1 	 2 
 Site119 	 0.848292896704123 	 1 	 2 
 Site120 	 1 	 1 	 2 
 Site121 	 0.00020971532094015 	 1 	 2 
 Site122 	 1 	 1 	 2 
 Site123 	 1 	 1 	 2 
 Site124 	 1.59150080741703e-170 	 1 	 2 
 Site125 	 1 	 1 	 2 
 Site126 	 1 	 1 	 2 
 Site127 	 0.00943427693705715 	 1 	 2 
 Site128 	 1 	 1 	 2 
 Site129 	 1 	 1 	 2 
 Site130 	 3.18346887772991e-135 	 1 	 2 
 Site131 	 1.55774502516373e-95 	 1 	 2 
 Site132 	 1 	 1 	 2 
 Site133 	 0.000499032308847262 	 1 	 2 
 Site134 	 0.033092035635371 	 1 	 2 
 Site135 	 8.60824251559316e-125 	 1 	 2 
 Site136 	 1 	 1 	 2 
 Site137 	 0.00597355569476125 	 1 	 2 
 Site138 	 1 	 1 	 2 
 Site139 	 9.99645605984744e-103 	 1 	 2 
 Site140 	 1 	 1 	 2 
 Site141 	 1 	 1 	 2 
 Site142 	 3.34267641949029e-132 	 1 	 2 
 Site143 	 1.24965922380584e-93 	 1 	 2 
 Site144 	 0.451270818309454 	 1 	 2 
 Site145 	 2.71060646481783e-132 	 1 	 2 
 Site146 	 3.59252067614207e-131 	 1 	 2 
 Site147 	 1.73605330841696e-133 	 1 	 2 
 Site148 	 1 	 1 	 2 
 Site149 	 1.91105666685229e-127 	 1 	 2 
 Site150 	 1 	 1 	 2 
 Site151 	 1 	 1 	 2 
 Site152 	 1.04411688691782e-36 	 1 	 2 
 Site153 	 1 	 1 	 2 
 Site154 	 1.26462225403176e-137 	 1 	 2 
 Site155 	 6.93109929152668e-07 	 1 	 2 
 Site156 	 0.315847339201269 	 1 	 2 
 Site157 	 1 	 1 	 2 
 Site158 	 1.43877000707828e-277 	 1 	 2 
 Site159 	 1 	 1 	 2 
 Site160 	 1 	 1 	 2 
 Site161 	 9.22628911715719e-234 	 1 	 2 
 Site162 	 5.25460210845668e-07 	 1 	 2 
 Site163 	 1 	 1 	 2 
 Site164 	 2.74812897846809e-233 	 1 	 2 
 Site165 	 4.46044449593893e-129 	 1 	 2 
 Site166 	 4.20689719005228e-130 	 1 	 2 
 Site167 	 2.7106355163898e-132 	 1 	 2 
 Site168 	 3.59250166966097e-131 	 1 	 2 
 Site169 	 1 	 1 	 2 
 Site170 	 1 	 1 	 2 
 Site171 	 5.92080357932023e-91 	 1 	 2 
 Site172 	 1.64805671142622e-05 	 1 	 2 
 Site173 	 0.00442881621314986 	 1 	 2 
 Site174 	 1 	 1 	 2 
 Site175 	 1 	 1 	 2 
 Site176 	 2.41797111580194e-175 	 1 	 2 
 Site177 	 1 	 1 	 2 
 Site178 	 1 	 1 	 2 
 Site179 	 1.43360938774243e-118 	 1 	 2 
 Site180 	 1 	 1 	 2 
 Site181 	 1 	 1 	 2 
 Site182 	 5.82552706401244e-07 	 1 	 2 
 Site183 	 1 	 1 	 2 
 Site184 	 1 	 1 	 2 
 Site185 	 5.47061439433134e-05 	 1 	 2 
 Site186 	 0.0937171018787192 	 1 	 2 
 Site187 	 1 	 1 	 2 
 Site188 	 1 	 1 	 2 
 Site189 	 1.38497396716819e-61 	 1 	 2 
 Site190 	 6.61857092253675e-233 	 1 	 2 
 Site191 	 8.40099433626532e-178 	 1 	 2 
 Site192 	 0.968530592988565 	 1 	 2 
 Site193 	 1 	 1 	 2 
 Site194 	 1.91984226773517e-06 	 1 	 2 
 Site195 	 0.0170668569427284 	 1 	 2 
 Site196 	 1 	 1 	 2 
 Site197 	 0.00238712182311035 	 1 	 2 
 Site198 	 1 	 1 	 2 
 Site199 	 1.08891397706487e-27 	 1 	 2 
 Site200 	 1.15075703709086e-117 	 1 	 2 
 Site201 	 4.7392609520043e-42 	 1 	 2 
 Site202 	 8.02522448311785e-132 	 1 	 2 
 Site203 	 1.2381026534186e-134 	 1 	 2 
 Site204 	 1 	 1 	 2 
 Site205 	 1.7531552723662e-136 	 1 	 2 
 Site206 	 1 	 1 	 2 
 Site207 	 1 	 1 	 2 
 Site208 	 4.71280433497269e-121 	 1 	 2 
 Site209 	 7.62968615599015e-315 	 1 	 2 
 Site210 	 1 	 1 	 2 
 Site211 	 9.2216147821059e-05 	 1 	 2 
 Site212 	 1 	 1 	 2 
 Site213 	 2.67376870206124e-113 	 1 	 2 
 Site214 	 1.57660555918619e-48 	 1 	 2 
 Site215 	 0.911233775890791 	 1 	 2 
 Site216 	 1.28215025155752e-06 	 1 	 2 
 Site217 	 1 	 1 	 2 
 Site218 	 1.32374003270844e-134 	 1 	 2 
 Site219 	 0.0411282605813199 	 1 	 2 
 Site220 	 3.83414142293673e-05 	 1 	 2 
 Site221 	 6.61558963736442e-231 	 1 	 2 
 Site222 	 9.89894426325209e-16 	 1 	 2 
 Site223 	 6.09254363539844e-06 	 1 	 2 
 Site224 	 6.49721731056e-130 	 1 	 2 
 Site225 	 0.962163752386461 	 1 	 2 
 Site226 	 0.86564954262405 	 1 	 2 
 Site227 	 0.879474358615003 	 1 	 2 
 Site228 	 7.81862267219061e-255 	 1 	 2 
 Site229 	 1 	 1 	 2 
 Site230 	 3.90337552779479e-120 	 1 	 2 
 Site231 	 5.29880753303191e-118 	 1 	 2 
 Site232 	 1 	 1 	 2 
 Site233 	 1.45818235303328e-15 	 1 	 2 
 Site234 	 1 	 1 	 2 
 Site235 	 1 	 1 	 2 
 Site236 	 1 	 1 	 2 
 Site237 	 1 	 1 	 2 
 Site238 	 0.935429306506503 	 1 	 2 
 Site239 	 1 	 1 	 2 
 Site240 	 1 	 1 	 2 
 Site241 	 1 	 1 	 2 
 Site242 	 5.18471808260719e-117 	 1 	 2 
 Site243 	 1 	 1 	 2 
 Site244 	 1 	 1 	 2 
 Site245 	 9.93846953116201e-114 	 1 	 2 
 Site246 	 1.76862694167502e-137 	 1 	 2 
 Site247 	 0.870510144645496 	 1 	 2 
 Site248 	 1.56484109106803e-127 	 1 	 2 
 Site249 	 1 	 1 	 2 
 Site250 	 7.17780056582229e-303 	 1 	 2 
 Site251 	 0.887280055915498 	 1 	 2 
 Site252 	 0.072248150629101 	 1 	 2 
 Site253 	 8.54171585056892e-127 	 1 	 2 
 Site254 	 1 	 1 	 2 
 Site255 	 0.00753486293778726 	 1 	 2 
 Site256 	 1 	 1 	 2 
 Site257 	 0.879472223254732 	 1 	 2 
 Site258 	 1 	 1 	 2 
 Site259 	 9.17705780101506e-138 	 1 	 2 
 Site260 	 0.130904745545731 	 1 	 2 
 Site261 	 0.0200043057030176 	 1 	 2 
 Site262 	 0.0189505025377073 	 1 	 2 
 Site263 	 0.985498896826305 	 1 	 2 
 Site264 	 0.871290445546519 	 1 	 2 
 Site265 	 0.972747941248128 	 1 	 2 
 Site266 	 1.81686015783937e-28 	 1 	 2 
 Site267 	 4.71906589874562e-135 	 1 	 2 
 Site268 	 0.0115537014406148 	 1 	 2 
 Site269 	 1 	 1 	 2 
 Site270 	 0.815759601148589 	 1 	 2 
 Site271 	 0.975717551333023 	 1 	 2 
 Site272 	 1 	 1 	 2 
 Site273 	 0.947574364366843 	 1 	 2 
 Site274 	 0.06332201262636 	 1 	 2 
 Site275 	 1.93098452935803e-135 	 1 	 2 
 Site276 	 3.20661299794852e-125 	 1 	 2 
 Site277 	 1 	 1 	 2 
 Site278 	 1 	 1 	 2 
 Site279 	 1 	 1 	 2 
 Site280 	 1 	 1 	 2 
 Site281 	 1 	 1 	 2 
 Site282 	 2.95943127354595e-91 	 1 	 2 
 Site283 	 1 	 1 	 2 
 Site284 	 1 	 1 	 2 
 Site285 	 1 	 1 	 2 
 Site286 	 1 	 1 	 2 
 Site287 	 2.0529265427865e-128 	 1 	 2 
 Site288 	 0.000381600238735649 	 1 	 2 
 Site289 	 7.25072382910029e-05 	 1 	 2 
 Site290 	 7.25072382910029e-05 	 1 	 2 
 Site291 	 1 	 1 	 2 
 Site292 	 0.887278461811493 	 1 	 2 
 Site293 	 0.710615535369696 	 1 	 2 
 Site294 	 0.00582729805028387 	 1 	 2 
 Site295 	 0.0138196035359514 	 1 	 2 
 Site296 	 0.961801237942692 	 1 	 2 
 Site297 	 1 	 1 	 2 
 Site298 	 1 	 1 	 2 
 Site299 	 1 	 1 	 2 
 Site300 	 1.15428393200726e-06 	 1 	 2 
 Site301 	 1 	 1 	 2 
 Site302 	 2.62572789032774e-06 	 1 	 2 
 Site303 	 0.000439161463109646 	 1 	 2 
 Site304 	 1 	 1 	 2 
 Site305 	 1 	 1 	 2 
 Site306 	 0.194205518213591 	 1 	 2 
 Site307 	 0.947573629136606 	 1 	 2 
 Site308 	 5.17614371987784e-188 	 1 	 2 
 Site309 	 2.28086599716732e-122 	 1 	 2 
 Site310 	 0.908739834814596 	 1 	 2 
 Site311 	 1 	 1 	 2 
 Site312 	 2.96577849519194e-83 	 1 	 2 
 Site313 	 0.0411282605813199 	 1 	 2 
 Site314 	 1 	 1 	 2 
 Site315 	 3.14435994803316e-233 	 1 	 2 
 Site316 	 1 	 1 	 2 
 Site317 	 7.54168742025543e-09 	 1 	 2 
 Site318 	 1 	 1 	 2 
 Site319 	 1 	 1 	 2 
 Site320 	 1 	 1 	 2 
 Site321 	 7.69638954390899e-71 	 1 	 2 
 Site322 	 5.22911297241704e-133 	 1 	 2 
 Site323 	 1 	 1 	 2 
 Site324 	 5.51585292247838e-51 	 1 	 2 
 Site325 	 6.01250847583935e-125 	 1 	 2 
 Site326 	 0.402506852349593 	 1 	 2 
 Site327 	 1.60248852064686e-134 	 1 	 2 
 Site328 	 0.906145093817003 	 1 	 2 
 Site329 	 0.0200043057030176 	 1 	 2 
 Site330 	 0.962163839588355 	 1 	 2 
 Site331 	 1 	 1 	 2 
 Site332 	 2.87986384426666e-230 	 1 	 2 
 Site333 	 1 	 1 	 2 
 Site334 	 1 	 1 	 2 
 Site335 	 6.11710903776327e-246 	 1 	 2 
 Site336 	 1 	 1 	 2 
 Site337 	 0.00385735149218666 	 1 	 2 
 Site338 	 1.01335847546562e-232 	 1 	 2 
 Site339 	 0.00107305493861537 	 1 	 2 
 Site340 	 1 	 1 	 2 
 Site341 	 1 	 1 	 2 
 Site342 	 1 	 1 	 2 
 Site343 	 0.993911290714201 	 1 	 2 
 Site344 	 0.958778544291406 	 1 	 2 
 Site345 	 1.76100080283378e-05 	 1 	 2 
 Site346 	 1 	 1 	 2 
 Site347 	 0.958778544291406 	 1 	 2 
 Site348 	 1 	 1 	 2 
 Site349 	 6.10092477464812e-134 	 1 	 2 
 Site350 	 1 	 1 	 2 
 Site351 	 1 	 1 	 2 
 Site352 	 1 	 1 	 2 
 Site353 	 2.41824172464448e-118 	 1 	 2 
 Site354 	 1 	 1 	 2 
 Site355 	 1 	 1 	 2 
 Site356 	 1 	 1 	 2 
 Site357 	 1 	 1 	 2 
 Site358 	 1 	 1 	 2 
 Site359 	 1 	 1 	 2 
 Site360 	 1 	 1 	 2 
 Site361 	 0.975717903565519 	 1 	 2 
 Site362 	 0.0326326777795436 	 1 	 2 
 Site363 	 1 	 1 	 2 
 Site364 	 2.61611776755736e-132 	 1 	 2 
 Site365 	 1 	 1 	 2 
 Site366 	 1 	 1 	 2 
 Site367 	 1 	 1 	 2 
 Site368 	 6.22508614911032e-05 	 1 	 2 
 Site369 	 1 	 1 	 2 
 Site370 	 1 	 1 	 2 
 Site371 	 1 	 1 	 2 
 Site372 	 4.35280853531457e-128 	 1 	 2 
 Site373 	 4.20694704341175e-130 	 1 	 2 
 Site374 	 1 	 1 	 2 
 Site375 	 1 	 1 	 2 
 Site376 	 1 	 1 	 2 
 Site377 	 1 	 1 	 2 
 Site378 	 1 	 1 	 2 
 Site379 	 1 	 1 	 2 
 Site380 	 1.65622807670422e-143 	 1 	 2 
 Site381 	 7.63564021785149e-32 	 1 	 2 
 Site382 	 0.977489534772595 	 1 	 2 
 Site383 	 1 	 1 	 2 
 Site384 	 3.10648089440863e-08 	 1 	 2 
 Site385 	 0.0192320369433647 	 1 	 2 
 Site386 	 0.922451472446203 	 1 	 2 
 Site387 	 0.156343054234822 	 1 	 2 
 Site388 	 0.779682745165948 	 1 	 2 
 Site389 	 5.77591037971689e-207 	 1 	 2 
 Site390 	 0.00160351101641836 	 1 	 2 
 Site391 	 8.13561118013617e-43 	 1 	 2 
 Site392 	 0.011788013565196 	 1 	 2 
 Site393 	 5.32527498394283e-110 	 1 	 2 
 Site394 	 1.42718802169117e-194 	 1 	 2 
 Site395 	 0.821414519223771 	 1 	 2 
 Site396 	 1 	 1 	 2 
 Site397 	 1.06128470374007e-86 	 1 	 2 
 Site398 	 1 	 1 	 2 
 Site399 	 1 	 1 	 2 
 Site400 	 1 	 1 	 2 
 Site401 	 1.96215723416269e-129 	 1 	 2 
 Site402 	 1 	 1 	 2 
 Site403 	 1.98174216974514e-234 	 1 	 2 
 Site404 	 1 	 1 	 2 
 Site405 	 0.0518237418528057 	 1 	 2 
 Site406 	 1.26147614738696e-241 	 1 	 2 
 Site407 	 1 	 1 	 2 
 Site408 	 1.74450435520875e-134 	 1 	 2 
 Site409 	 0.955607577331841 	 1 	 2 
 Site410 	 0.504508010169607 	 1 	 2 
 Site411 	 1.20624109878216e-29 	 1 	 2 
 Site412 	 1.836741944061e-24 	 1 	 2 
 Site413 	 0.652095462774017 	 1 	 2 
 Site414 	 1.58878303276838e-88 	 1 	 2 
 Site415 	 2.11652471543996e-136 	 1 	 2 
 Site416 	 0.0167823322832751 	 1 	 2 
 Site417 	 8.64532018339115e-122 	 1 	 2 
 Site418 	 1 	 1 	 2 
 Site419 	 0.976821067515278 	 1 	 2 
 Site420 	 1 	 1 	 2 
 Site421 	 1.03351623978425e-122 	 1 	 2 
 Site422 	 0.972305860015123 	 1 	 2 
 Site423 	 0.0261238396227324 	 1 	 2 
 Site424 	 1 	 1 	 2 
 Site425 	 0.518093940888903 	 1 	 2 
 Site426 	 1.88757508219156e-127 	 1 	 2 
 Site427 	 0.837246333417919 	 1 	 2 
 Site428 	 7.35937755753332e-133 	 1 	 2 
 Site429 	 0.00411291442511861 	 1 	 2 
 Site430 	 0.810007383217766 	 1 	 2 
 Site431 	 1 	 1 	 2 
 Site432 	 0.0394645883037458 	 1 	 2 
 Site433 	 0.877091320878195 	 1 	 2 
 Site434 	 0.879159822226477 	 1 	 2 
 Site435 	 0.0838665981587093 	 1 	 2 
 Site436 	 0.463813603419132 	 1 	 2 
 Site437 	 0.00127416264791221 	 1 	 2 
 Site438 	 0.409609080734814 	 1 	 2 
 Site439 	 1 	 1 	 2 
 Site440 	 0.507255988194928 	 1 	 2 
 Site441 	 0.456516484857539 	 1 	 2 
 Site442 	 1 	 1 	 2 
 Site443 	 5.15947397860023e-08 	 1 	 2 
 Site444 	 8.73342675862701e-91 	 1 	 2 
 Site445 	 0.645924095406856 	 1 	 2 
 Site446 	 1 	 1 	 2 
 Site447 	 0.620783331353363 	 1 	 2 
 Site448 	 0.421814119391409 	 1 	 2 
 Site449 	 3.89575263700979e-225 	 1 	 2 
 Site450 	 9.88819139242249e-111 	 1 	 2 
 Site451 	 0.910767602826892 	 1 	 2 
 Site452 	 0.00793113154725857 	 1 	 2 
 Site453 	 2.94050921415753e-160 	 1 	 2 
 Site454 	 0.641120929282508 	 1 	 2 
 Site455 	 0.532524897377648 	 1 	 2 
 Site456 	 1 	 1 	 2 
 Site457 	 1 	 1 	 2 
 Site458 	 3.29131514190732e-136 	 1 	 2 
 Site459 	 1 	 1 	 2 
 Site460 	 1 	 1 	 2 
 Site461 	 1 	 1 	 2 
 Site462 	 0.510270746882821 	 1 	 2 
 Site463 	 1 	 1 	 2 
 Site464 	 0.502871606350098 	 1 	 2 
 Site465 	 2.75245387892368e-139 	 1 	 2 
 Site466 	 0.0716601172394209 	 1 	 2 
 Site467 	 0.554011792129813 	 1 	 2 
 Site468 	 1 	 1 	 2 
 Site469 	 1 	 1 	 2 
 Site470 	 1 	 1 	 2 
 Site471 	 1.38667107307118e-126 	 1 	 2 
 Site472 	 4.80443754928838e-212 	 1 	 2 
 Site473 	 9.79937121467075e-135 	 1 	 2 
 Site474 	 0.146761014289735 	 1 	 2 
 Site475 	 1 	 1 	 2 
 Site476 	 1.32665847268934e-95 	 1 	 2 
 Site477 	 1 	 1 	 2 
 Site478 	 1 	 1 	 2 
 Site479 	 0.0235389013251959 	 1 	 2 
 Site480 	 1 	 1 	 2 
 Site481 	 0.651596546463224 	 1 	 2 
 Site482 	 1 	 1 	 2 
 Site483 	 0.00247766564604735 	 1 	 2 
 Site484 	 3.39197701234346e-133 	 1 	 2 
 Site485 	 9.61376839615696e-50 	 1 	 2 
 Site486 	 1 	 1 	 2 
 Site487 	 2.94336490108283e-138 	 1 	 2 
 Site488 	 2.25026826531554e-08 	 1 	 2 
 Site489 	 1 	 1 	 2 
 Site490 	 1 	 1 	 2 
 Site491 	 1 	 1 	 2 
 Site492 	 4.51997570841101e-100 	 1 	 2 
 Site493 	 1 	 1 	 2 
 Site494 	 1 	 1 	 2 
 Site495 	 1.11202858015496e-128 	 1 	 2 
 Site496 	 2.53201282478596e-88 	 1 	 2 
 Site497 	 3.71400409828897e-06 	 1 	 2 
 Site498 	 1 	 1 	 2 
 Site499 	 1 	 1 	 2 
 Site500 	 9.58715010735732e-125 	 1 	 2 
 Site501 	 2.16795060979423e-36 	 1 	 2 
 Site502 	 1 	 1 	 2 
 Site503 	 0.222022662120909 	 1 	 2 
 Site504 	 3.86400210061967e-126 	 1 	 2 
 Site505 	 1 	 1 	 2 
 Site506 	 1 	 1 	 2 
 Site507 	 0.764996980265657 	 1 	 2 
 Site508 	 4.39161100064266e-27 	 1 	 2 
 Site509 	 0.514863905166432 	 1 	 2 
"
