"resultMC"
"1" "Site Number	P-Value for Pairwise Comparison	Group 1 in Comparison	Group 2 in Comparison
 Site1 	 5.42460442570466e-221 	 1 	 2 
 Site2 	 2.72697348347703e-203 	 1 	 2 
 Site3 	 6.56387725430334e-11 	 1 	 2 
 Site4 	 1 	 1 	 2 
 Site5 	 1.35865326369906e-11 	 1 	 2 
 Site6 	 1 	 1 	 2 
 Site7 	 1 	 1 	 2 
 Site8 	 4.58788654554658e-114 	 1 	 2 
 Site9 	 8.77695221334899e-11 	 1 	 2 
 Site10 	 5.55903803523763e-09 	 1 	 2 
 Site11 	 0.00476732829515105 	 1 	 2 
 Site12 	 3.83398208355181e-188 	 1 	 2 
 Site13 	 0.00317418276856358 	 1 	 2 
 Site14 	 0.00138561452180618 	 1 	 2 
 Site15 	 1 	 1 	 2 
 Site16 	 2.42293586757299e-06 	 1 	 2 
 Site17 	 0.0197706517311652 	 1 	 2 
 Site18 	 4.77157984852863e-251 	 1 	 2 
 Site19 	 3.70760586050656e-219 	 1 	 2 
 Site20 	 0.0018876557898804 	 1 	 2 
 Site21 	 0.00358226312533022 	 1 	 2 
 Site22 	 3.52471065830011e-13 	 1 	 2 
 Site23 	 1 	 1 	 2 
 Site24 	 8.50217175059839e-06 	 1 	 2 
 Site25 	 0.0549718106531263 	 1 	 2 
 Site26 	 0.0471595014164388 	 1 	 2 
 Site27 	 7.5851576610068e-198 	 1 	 2 
 Site28 	 5.02737796803209e-184 	 1 	 2 
 Site29 	 1 	 1 	 2 
 Site30 	 0.841164831428378 	 1 	 2 
 Site31 	 6.28525020394939e-39 	 1 	 2 
 Site32 	 0.725146171568446 	 1 	 2 
 Site33 	 1.15165951809306e-211 	 1 	 2 
 Site34 	 0.820389539707833 	 1 	 2 
 Site35 	 7.57110000880307e-112 	 1 	 2 
 Site36 	 5.3892339277317e-119 	 1 	 2 
 Site37 	 1 	 1 	 2 
 Site38 	 0.72626196740528 	 1 	 2 
 Site39 	 0.465021117322371 	 1 	 2 
 Site40 	 5.66876003555532e-05 	 1 	 2 
 Site41 	 1.08289938047504e-124 	 1 	 2 
 Site42 	 0.547298248903531 	 1 	 2 
 Site43 	 1 	 1 	 2 
 Site44 	 9.95743856109305e-198 	 1 	 2 
 Site45 	 1.40053321490548e-188 	 1 	 2 
 Site46 	 1 	 1 	 2 
 Site47 	 1.4970010881378e-204 	 1 	 2 
 Site48 	 2.03306593110649e-195 	 1 	 2 
 Site49 	 1.65744170222091e-58 	 1 	 2 
 Site50 	 9.99405811016079e-198 	 1 	 2 
 Site51 	 1 	 1 	 2 
 Site52 	 1 	 1 	 2 
 Site53 	 1 	 1 	 2 
 Site54 	 0.427765572460708 	 1 	 2 
 Site55 	 1 	 1 	 2 
 Site56 	 1.34044700682184e-213 	 1 	 2 
 Site57 	 0.844708976483922 	 1 	 2 
 Site58 	 3.64654828171047e-293 	 1 	 2 
 Site59 	 1 	 1 	 2 
 Site60 	 0.639094086325039 	 1 	 2 
 Site61 	 2.36019170791708e-245 	 1 	 2 
 Site62 	 9.2736502818397e-182 	 1 	 2 
 Site63 	 1 	 1 	 2 
 Site64 	 2.10854602902531e-308 	 1 	 2 
 Site65 	 1 	 1 	 2 
 Site66 	 1 	 1 	 2 
 Site67 	 1.39350128630487e-212 	 1 	 2 
 Site68 	 1 	 1 	 2 
 Site69 	 4.71384933139402e-214 	 1 	 2 
 Site70 	 2.73502731663155e-12 	 1 	 2 
 Site71 	 1 	 1 	 2 
 Site72 	 3.83701739540904e-289 	 1 	 2 
 Site73 	 4.50122418648729e-119 	 1 	 2 
 Site74 	 0.0311537847305945 	 1 	 2 
 Site75 	 0.380235760185172 	 1 	 2 
 Site76 	 9.52250372752881e-06 	 1 	 2 
 Site77 	 9.86979225574845e-197 	 1 	 2 
 Site78 	 0.41423422641269 	 1 	 2 
 Site79 	 0.318388334136694 	 1 	 2 
 Site80 	 2.3299545045585e-225 	 1 	 2 
 Site81 	 1 	 1 	 2 
 Site82 	 6.08509706405082e-184 	 1 	 2 
 Site83 	 1 	 1 	 2 
 Site84 	 2.50214192332248e-203 	 1 	 2 
 Site85 	 4.00433215577164e-203 	 1 	 2 
 Site86 	 1.58481685884674e-209 	 1 	 2 
 Site87 	 0.00026757487677379 	 1 	 2 
 Site88 	 1 	 1 	 2 
 Site89 	 1 	 1 	 2 
 Site90 	 1 	 1 	 2 
 Site91 	 7.25383958564301e-88 	 1 	 2 
 Site92 	 0.488361002082743 	 1 	 2 
 Site93 	 1 	 1 	 2 
 Site94 	 1 	 1 	 2 
 Site95 	 1 	 1 	 2 
 Site96 	 1 	 1 	 2 
 Site97 	 2.83437569819324e-47 	 1 	 2 
 Site98 	 0.33217828932706 	 1 	 2 
 Site99 	 0.658802014628798 	 1 	 2 
 Site100 	 0.0331255582914815 	 1 	 2 
 Site101 	 0.524048236805717 	 1 	 2 
 Site102 	 0.414235604899725 	 1 	 2 
 Site103 	 0.0562579140623094 	 1 	 2 
 Site104 	 0.230981159714742 	 1 	 2 
 Site105 	 0.34501603077515 	 1 	 2 
 Site106 	 0.248318338058456 	 1 	 2 
 Site107 	 0.148377348384816 	 1 	 2 
 Site108 	 0.456785566014881 	 1 	 2 
 Site109 	 0.300720965512236 	 1 	 2 
 Site110 	 0.0142884349450831 	 1 	 2 
 Site111 	 0.00206953027697366 	 1 	 2 
 Site112 	 1.68511794319258e-221 	 1 	 2 
 Site113 	 1 	 1 	 2 
 Site114 	 1 	 1 	 2 
 Site115 	 5.95879275064357e-06 	 1 	 2 
 Site116 	 0.059052908705555 	 1 	 2 
 Site117 	 0.678539476950225 	 1 	 2 
 Site118 	 1.53278703052809e-137 	 1 	 2 
 Site119 	 0.061605890600183 	 1 	 2 
 Site120 	 1 	 1 	 2 
 Site121 	 0.548398748882936 	 1 	 2 
 Site122 	 1 	 1 	 2 
 Site123 	 1 	 1 	 2 
 Site124 	 1 	 1 	 2 
 Site125 	 1 	 1 	 2 
 Site126 	 1.39669820069038e-313 	 1 	 2 
 Site127 	 0.000191656293632853 	 1 	 2 
 Site128 	 8.85712700048106e-270 	 1 	 2 
 Site129 	 1 	 1 	 2 
 Site130 	 4.3596889406309e-204 	 1 	 2 
 Site131 	 2.88031598640417e-140 	 1 	 2 
 Site132 	 1 	 1 	 2 
 Site133 	 0.00121393843600122 	 1 	 2 
 Site134 	 0.000671001418188951 	 1 	 2 
 Site135 	 4.88119242162452e-196 	 1 	 2 
 Site136 	 1.94580981030934e-245 	 1 	 2 
 Site137 	 0.941729133258616 	 1 	 2 
 Site138 	 1 	 1 	 2 
 Site139 	 7.80711626498667e-156 	 1 	 2 
 Site140 	 1 	 1 	 2 
 Site141 	 1 	 1 	 2 
 Site142 	 5.10974490728208e-209 	 1 	 2 
 Site143 	 4.31678826652573e-149 	 1 	 2 
 Site144 	 0.971683020948772 	 1 	 2 
 Site145 	 2.82791185849009e-206 	 1 	 2 
 Site146 	 4.66836446666513e-205 	 1 	 2 
 Site147 	 1.45409596827019e-207 	 1 	 2 
 Site148 	 2.32713822331354e-258 	 1 	 2 
 Site149 	 1.03384948389302e-200 	 1 	 2 
 Site150 	 1 	 1 	 2 
 Site151 	 1 	 1 	 2 
 Site152 	 2.66945335477864e-58 	 1 	 2 
 Site153 	 1 	 1 	 2 
 Site154 	 2.24215334292991e-218 	 1 	 2 
 Site155 	 5.64221029789124e-11 	 1 	 2 
 Site156 	 0.671588264402473 	 1 	 2 
 Site157 	 1 	 1 	 2 
 Site158 	 1 	 1 	 2 
 Site159 	 1 	 1 	 2 
 Site160 	 1 	 1 	 2 
 Site161 	 1 	 1 	 2 
 Site162 	 9.22782141577905e-13 	 1 	 2 
 Site163 	 1 	 1 	 2 
 Site164 	 1 	 1 	 2 
 Site165 	 8.99250633028531e-203 	 1 	 2 
 Site166 	 6.80921327057026e-204 	 1 	 2 
 Site167 	 2.82793326128764e-206 	 1 	 2 
 Site168 	 4.668347015648e-205 	 1 	 2 
 Site169 	 1 	 1 	 2 
 Site170 	 1 	 1 	 2 
 Site171 	 5.03662781076246e-141 	 1 	 2 
 Site172 	 4.49007035135931e-09 	 1 	 2 
 Site173 	 4.11299614413048e-25 	 1 	 2 
 Site174 	 4.17383317656558e-293 	 1 	 2 
 Site175 	 1.3003454564432e-247 	 1 	 2 
 Site176 	 1 	 1 	 2 
 Site177 	 1 	 1 	 2 
 Site178 	 1 	 1 	 2 
 Site179 	 1.88588435173343e-186 	 1 	 2 
 Site180 	 1 	 1 	 2 
 Site181 	 1 	 1 	 2 
 Site182 	 7.55932895296065e-09 	 1 	 2 
 Site183 	 1 	 1 	 2 
 Site184 	 1 	 1 	 2 
 Site185 	 1.49907993970171e-07 	 1 	 2 
 Site186 	 0.992360479364168 	 1 	 2 
 Site187 	 1 	 1 	 2 
 Site188 	 1 	 1 	 2 
 Site189 	 1 	 1 	 2 
 Site190 	 1 	 1 	 2 
 Site191 	 1 	 1 	 2 
 Site192 	 0.954767267122693 	 1 	 2 
 Site193 	 8.08429515108853e-309 	 1 	 2 
 Site194 	 1.6570273973256e-09 	 1 	 2 
 Site195 	 0.000303269664697934 	 1 	 2 
 Site196 	 8.83635833665152e-280 	 1 	 2 
 Site197 	 1.94482978118333e-05 	 1 	 2 
 Site198 	 6.52762961112384e-205 	 1 	 2 
 Site199 	 6.75430662307643e-44 	 1 	 2 
 Site200 	 4.21635992988309e-185 	 1 	 2 
 Site201 	 2.98785156790611e-67 	 1 	 2 
 Site202 	 1.26275702734434e-209 	 1 	 2 
 Site203 	 6.52666044419714e-212 	 1 	 2 
 Site204 	 1 	 1 	 2 
 Site205 	 8.43616434703258e-217 	 1 	 2 
 Site206 	 5.51738977615204e-290 	 1 	 2 
 Site207 	 1.84187089797505e-231 	 1 	 2 
 Site208 	 1.52627066850087e-183 	 1 	 2 
 Site209 	 1 	 1 	 2 
 Site210 	 1 	 1 	 2 
 Site211 	 2.89262699836195e-07 	 1 	 2 
 Site212 	 1 	 1 	 2 
 Site213 	 5.33675688066551e-177 	 1 	 2 
 Site214 	 1 	 1 	 2 
 Site215 	 0.416507700290607 	 1 	 2 
 Site216 	 3.526212832822e-08 	 1 	 2 
 Site217 	 4.15880968854169e-285 	 1 	 2 
 Site218 	 4.72212767385729e-208 	 1 	 2 
 Site219 	 0.0105454427925486 	 1 	 2 
 Site220 	 2.4818453425822e-09 	 1 	 2 
 Site221 	 1 	 1 	 2 
 Site222 	 0.794581537653476 	 1 	 2 
 Site223 	 1.63658473149545e-06 	 1 	 2 
 Site224 	 3.77201849839203e-197 	 1 	 2 
 Site225 	 0.00937122237884327 	 1 	 2 
 Site226 	 0.767878690989424 	 1 	 2 
 Site227 	 0.762874461173694 	 1 	 2 
 Site228 	 1 	 1 	 2 
 Site229 	 3.83421216274931e-251 	 1 	 2 
 Site230 	 4.36390791206688e-188 	 1 	 2 
 Site231 	 1.37100318981753e-186 	 1 	 2 
 Site232 	 1 	 1 	 2 
 Site233 	 1.03344656551465e-35 	 1 	 2 
 Site234 	 1 	 1 	 2 
 Site235 	 1 	 1 	 2 
 Site236 	 1 	 1 	 2 
 Site237 	 1 	 1 	 2 
 Site238 	 0.540591950769765 	 1 	 2 
 Site239 	 1 	 1 	 2 
 Site240 	 1 	 1 	 2 
 Site241 	 1 	 1 	 2 
 Site242 	 6.86186666605967e-185 	 1 	 2 
 Site243 	 1 	 1 	 2 
 Site244 	 1.21514119897378e-45 	 1 	 2 
 Site245 	 6.7686294998963e-174 	 1 	 2 
 Site246 	 6.02484582567353e-215 	 1 	 2 
 Site247 	 0.593708007719918 	 1 	 2 
 Site248 	 5.87504950084123e-200 	 1 	 2 
 Site249 	 1 	 1 	 2 
 Site250 	 1 	 1 	 2 
 Site251 	 0.624553070246137 	 1 	 2 
 Site252 	 0.0153586404494353 	 1 	 2 
 Site253 	 4.48591379247844e-199 	 1 	 2 
 Site254 	 8.62404669937015e-64 	 1 	 2 
 Site255 	 4.81264046670315e-14 	 1 	 2 
 Site256 	 1 	 1 	 2 
 Site257 	 0.0507326617278574 	 1 	 2 
 Site258 	 1.28065085791135e-188 	 1 	 2 
 Site259 	 2.78402775126868e-201 	 1 	 2 
 Site260 	 0.0063507060110869 	 1 	 2 
 Site261 	 0.84025547615047 	 1 	 2 
 Site262 	 0.000193192442499927 	 1 	 2 
 Site263 	 0.887728965976781 	 1 	 2 
 Site264 	 0.800527293852058 	 1 	 2 
 Site265 	 0.701721061296878 	 1 	 2 
 Site266 	 1.19729933284385e-45 	 1 	 2 
 Site267 	 2.33279892726205e-213 	 1 	 2 
 Site268 	 0.000122683185966302 	 1 	 2 
 Site269 	 1.90208828531359e-262 	 1 	 2 
 Site270 	 0.901675790466326 	 1 	 2 
 Site271 	 0.937242161314182 	 1 	 2 
 Site272 	 3.75882794462514e-299 	 1 	 2 
 Site273 	 0.888496399042993 	 1 	 2 
 Site274 	 0.618310570947138 	 1 	 2 
 Site275 	 1.60928924384041e-211 	 1 	 2 
 Site276 	 8.0484595641893e-197 	 1 	 2 
 Site277 	 5.69350613221843e-311 	 1 	 2 
 Site278 	 3.1181319777259e-306 	 1 	 2 
 Site279 	 1 	 1 	 2 
 Site280 	 9.51052573008488e-73 	 1 	 2 
 Site281 	 1 	 1 	 2 
 Site282 	 2.18091004258853e-143 	 1 	 2 
 Site283 	 1 	 1 	 2 
 Site284 	 1 	 1 	 2 
 Site285 	 1 	 1 	 2 
 Site286 	 1 	 1 	 2 
 Site287 	 2.83438097850337e-208 	 1 	 2 
 Site288 	 4.89563083872098e-06 	 1 	 2 
 Site289 	 7.60132215136798e-07 	 1 	 2 
 Site290 	 7.60132215136798e-07 	 1 	 2 
 Site291 	 1 	 1 	 2 
 Site292 	 0.910433828723674 	 1 	 2 
 Site293 	 0.640426052231622 	 1 	 2 
 Site294 	 9.07808446869193e-05 	 1 	 2 
 Site295 	 0.000288845191616132 	 1 	 2 
 Site296 	 0.935346258630843 	 1 	 2 
 Site297 	 2.6197265156658e-43 	 1 	 2 
 Site298 	 2.3631682390324e-204 	 1 	 2 
 Site299 	 4.35783389279384e-222 	 1 	 2 
 Site300 	 1.46696068219517e-10 	 1 	 2 
 Site301 	 4.01565395311664e-196 	 1 	 2 
 Site302 	 1.17455743373918e-05 	 1 	 2 
 Site303 	 3.74088617219856e-06 	 1 	 2 
 Site304 	 1 	 1 	 2 
 Site305 	 1.76992778146975e-55 	 1 	 2 
 Site306 	 0.208272857404653 	 1 	 2 
 Site307 	 0.953848686249941 	 1 	 2 
 Site308 	 8.64404374677793e-296 	 1 	 2 
 Site309 	 1.49394644901596e-190 	 1 	 2 
 Site310 	 0.814913301362971 	 1 	 2 
 Site311 	 1 	 1 	 2 
 Site312 	 4.18956191017382e-130 	 1 	 2 
 Site313 	 0.937242161314182 	 1 	 2 
 Site314 	 1 	 1 	 2 
 Site315 	 1 	 1 	 2 
 Site316 	 1 	 1 	 2 
 Site317 	 0.000218061031647398 	 1 	 2 
 Site318 	 1 	 1 	 2 
 Site319 	 1 	 1 	 2 
 Site320 	 1 	 1 	 2 
 Site321 	 1.21024684779769e-115 	 1 	 2 
 Site322 	 5.62179133571596e-208 	 1 	 2 
 Site323 	 1 	 1 	 2 
 Site324 	 1 	 1 	 2 
 Site325 	 2.4872485328617e-198 	 1 	 2 
 Site326 	 0.937242161314182 	 1 	 2 
 Site327 	 1.02835446230786e-211 	 1 	 2 
 Site328 	 0.671501157810253 	 1 	 2 
 Site329 	 0.84025547615047 	 1 	 2 
 Site330 	 0.802592208552162 	 1 	 2 
 Site331 	 1 	 1 	 2 
 Site332 	 1 	 1 	 2 
 Site333 	 1 	 1 	 2 
 Site334 	 1 	 1 	 2 
 Site335 	 1 	 1 	 2 
 Site336 	 1 	 1 	 2 
 Site337 	 0.000386471507375376 	 1 	 2 
 Site338 	 1 	 1 	 2 
 Site339 	 5.10752517035684e-06 	 1 	 2 
 Site340 	 1 	 1 	 2 
 Site341 	 1.49310840284601e-238 	 1 	 2 
 Site342 	 1 	 1 	 2 
 Site343 	 0.240097035170808 	 1 	 2 
 Site344 	 0.910554817375999 	 1 	 2 
 Site345 	 6.20757002855528e-07 	 1 	 2 
 Site346 	 1.69212325207738e-196 	 1 	 2 
 Site347 	 0.910554817375999 	 1 	 2 
 Site348 	 1 	 1 	 2 
 Site349 	 2.95022340331882e-211 	 1 	 2 
 Site350 	 1.06753923399221e-290 	 1 	 2 
 Site351 	 1 	 1 	 2 
 Site352 	 1 	 1 	 2 
 Site353 	 1.69675529400113e-186 	 1 	 2 
 Site354 	 1 	 1 	 2 
 Site355 	 1 	 1 	 2 
 Site356 	 1 	 1 	 2 
 Site357 	 1 	 1 	 2 
 Site358 	 1 	 1 	 2 
 Site359 	 1 	 1 	 2 
 Site360 	 1 	 1 	 2 
 Site361 	 0.84379721632709 	 1 	 2 
 Site362 	 4.79620292681982e-05 	 1 	 2 
 Site363 	 8.8461835894178e-47 	 1 	 2 
 Site364 	 1.20920619818907e-209 	 1 	 2 
 Site365 	 1.10634844186019e-44 	 1 	 2 
 Site366 	 1 	 1 	 2 
 Site367 	 1.57338178955078e-43 	 1 	 2 
 Site368 	 0.905582731489085 	 1 	 2 
 Site369 	 1 	 1 	 2 
 Site370 	 2.5692873330234e-69 	 1 	 2 
 Site371 	 1.53795787072703e-292 	 1 	 2 
 Site372 	 1.09304580951362e-201 	 1 	 2 
 Site373 	 6.80927031767301e-204 	 1 	 2 
 Site374 	 1 	 1 	 2 
 Site375 	 1.04828036004691e-308 	 1 	 2 
 Site376 	 1 	 1 	 2 
 Site377 	 1 	 1 	 2 
 Site378 	 1 	 1 	 2 
 Site379 	 9.92810992202573e-49 	 1 	 2 
 Site380 	 1.52478175791466e-209 	 1 	 2 
 Site381 	 1.57347720274673e-49 	 1 	 2 
 Site382 	 0.982092944794484 	 1 	 2 
 Site383 	 1 	 1 	 2 
 Site384 	 2.239470429968e-11 	 1 	 2 
 Site385 	 0.543612657688888 	 1 	 2 
 Site386 	 0.914931907194302 	 1 	 2 
 Site387 	 0.112159857891537 	 1 	 2 
 Site388 	 0.231764371636763 	 1 	 2 
 Site389 	 1 	 1 	 2 
 Site390 	 0.969988185869147 	 1 	 2 
 Site391 	 1 	 1 	 2 
 Site392 	 3.06412526017867e-09 	 1 	 2 
 Site393 	 7.31100665280527e-69 	 1 	 2 
 Site394 	 1.06089826715192e-306 	 1 	 2 
 Site395 	 0.809037404778915 	 1 	 2 
 Site396 	 1 	 1 	 2 
 Site397 	 1.11919806977723e-137 	 1 	 2 
 Site398 	 1 	 1 	 2 
 Site399 	 1 	 1 	 2 
 Site400 	 1 	 1 	 2 
 Site401 	 2.05745825260769e-203 	 1 	 2 
 Site402 	 1.07757693620559e-318 	 1 	 2 
 Site403 	 1 	 1 	 2 
 Site404 	 1 	 1 	 2 
 Site405 	 0.960295997369722 	 1 	 2 
 Site406 	 1 	 1 	 2 
 Site407 	 1.84591397752696e-39 	 1 	 2 
 Site408 	 1.32364760668827e-217 	 1 	 2 
 Site409 	 0.972890313805828 	 1 	 2 
 Site410 	 0.834055501608211 	 1 	 2 
 Site411 	 1.04532358906839e-47 	 1 	 2 
 Site412 	 2.49370638234226e-38 	 1 	 2 
 Site413 	 0.977492946876501 	 1 	 2 
 Site414 	 3.68859135259178e-146 	 1 	 2 
 Site415 	 1.79917384903031e-214 	 1 	 2 
 Site416 	 3.74404369533752e-06 	 1 	 2 
 Site417 	 1.23593053837238e-192 	 1 	 2 
 Site418 	 1 	 1 	 2 
 Site419 	 0.291437151266077 	 1 	 2 
 Site420 	 1 	 1 	 2 
 Site421 	 5.30873583786065e-189 	 1 	 2 
 Site422 	 0.198578679655067 	 1 	 2 
 Site423 	 0.223742652396004 	 1 	 2 
 Site424 	 1 	 1 	 2 
 Site425 	 0.202771033709579 	 1 	 2 
 Site426 	 3.35893418335056e-195 	 1 	 2 
 Site427 	 0.510655046511725 	 1 	 2 
 Site428 	 9.57811455477586e-214 	 1 	 2 
 Site429 	 4.65063148200732e-05 	 1 	 2 
 Site430 	 0.00205098212702874 	 1 	 2 
 Site431 	 6.69776157745519e-42 	 1 	 2 
 Site432 	 0.00181463743284753 	 1 	 2 
 Site433 	 0.0789896973720783 	 1 	 2 
 Site434 	 0.330522974663083 	 1 	 2 
 Site435 	 0.000809143279177833 	 1 	 2 
 Site436 	 0.182613125155053 	 1 	 2 
 Site437 	 8.73632773684594e-06 	 1 	 2 
 Site438 	 0.131968331666327 	 1 	 2 
 Site439 	 1 	 1 	 2 
 Site440 	 0.0790591155555537 	 1 	 2 
 Site441 	 0.0652624581035169 	 1 	 2 
 Site442 	 1.93664444423118e-63 	 1 	 2 
 Site443 	 1 	 1 	 2 
 Site444 	 1 	 1 	 2 
 Site445 	 0.132303412730394 	 1 	 2 
 Site446 	 1 	 1 	 2 
 Site447 	 0.0957208277750397 	 1 	 2 
 Site448 	 0.0205374911228043 	 1 	 2 
 Site449 	 1 	 1 	 2 
 Site450 	 7.46756384301434e-189 	 1 	 2 
 Site451 	 0.198896800634866 	 1 	 2 
 Site452 	 7.3152488471151e-06 	 1 	 2 
 Site453 	 1 	 1 	 2 
 Site454 	 0.127282111731404 	 1 	 2 
 Site455 	 0.0842295340829314 	 1 	 2 
 Site456 	 1 	 1 	 2 
 Site457 	 6.7282449324977e-221 	 1 	 2 
 Site458 	 1.47322072534482e-217 	 1 	 2 
 Site459 	 1 	 1 	 2 
 Site460 	 1 	 1 	 2 
 Site461 	 7.05417617400698e-222 	 1 	 2 
 Site462 	 0.0732651327565333 	 1 	 2 
 Site463 	 8.95917257804963e-191 	 1 	 2 
 Site464 	 0.0711790268030853 	 1 	 2 
 Site465 	 1.29031638400523e-217 	 1 	 2 
 Site466 	 0.00175586614072743 	 1 	 2 
 Site467 	 0.059750995091134 	 1 	 2 
 Site468 	 1 	 1 	 2 
 Site469 	 6.2959285886269e-315 	 1 	 2 
 Site470 	 3.60373556738932e-304 	 1 	 2 
 Site471 	 2.92753784456381e-196 	 1 	 2 
 Site472 	 1 	 1 	 2 
 Site473 	 2.67544032583612e-201 	 1 	 2 
 Site474 	 0.0404433751433581 	 1 	 2 
 Site475 	 1 	 1 	 2 
 Site476 	 5.90020165146728e-147 	 1 	 2 
 Site477 	 4.71010191000788e-215 	 1 	 2 
 Site478 	 6.03527715246282e-304 	 1 	 2 
 Site479 	 0.1637439305754 	 1 	 2 
 Site480 	 1 	 1 	 2 
 Site481 	 0.934150686352278 	 1 	 2 
 Site482 	 1 	 1 	 2 
 Site483 	 2.52135337559926e-07 	 1 	 2 
 Site484 	 7.64430888134804e-212 	 1 	 2 
 Site485 	 1 	 1 	 2 
 Site486 	 1 	 1 	 2 
 Site487 	 1.09932884455293e-243 	 1 	 2 
 Site488 	 6.59418854588143e-41 	 1 	 2 
 Site489 	 1 	 1 	 2 
 Site490 	 4.97496774672268e-275 	 1 	 2 
 Site491 	 1 	 1 	 2 
 Site492 	 1 	 1 	 2 
 Site493 	 1 	 1 	 2 
 Site494 	 1 	 1 	 2 
 Site495 	 1 	 1 	 2 
 Site496 	 1 	 1 	 2 
 Site497 	 0.198860844513505 	 1 	 2 
 Site498 	 1 	 1 	 2 
 Site499 	 1 	 1 	 2 
 Site500 	 2.07106933848082e-193 	 1 	 2 
 Site501 	 4.95903587956721e-58 	 1 	 2 
 Site502 	 1.47514815099279e-288 	 1 	 2 
 Site503 	 0.011892148888391 	 1 	 2 
 Site504 	 6.81655206909682e-194 	 1 	 2 
 Site505 	 1 	 1 	 2 
 Site506 	 1 	 1 	 2 
 Site507 	 1.25699192857592e-07 	 1 	 2 
 Site508 	 2.3299569233779e-201 	 1 	 2 
 Site509 	 5.31664163214712e-23 	 1 	 2 
"
