"resultMC"
"1" "Site Number	P-Value for Pairwise Comparison	Group 1 in Comparison	Group 2 in Comparison
 Site1 	 1 	 1 	 2 
 Site2 	 1 	 1 	 2 
 Site3 	 0.080847001909136 	 1 	 2 
 Site4 	 1 	 1 	 2 
 Site5 	 0.230562655520465 	 1 	 2 
 Site6 	 1 	 1 	 2 
 Site7 	 1 	 1 	 2 
 Site8 	 5.33381466418271e-200 	 1 	 2 
 Site9 	 0.49664425119428 	 1 	 2 
 Site10 	 0.880201938205072 	 1 	 2 
 Site11 	 2.24592922356805e-24 	 1 	 2 
 Site12 	 1 	 1 	 2 
 Site13 	 4.2827012375563e-25 	 1 	 2 
 Site14 	 2.40112768389983e-26 	 1 	 2 
 Site15 	 1 	 1 	 2 
 Site16 	 5.90478046864012e-34 	 1 	 2 
 Site17 	 2.84026664295086e-26 	 1 	 2 
 Site18 	 1 	 1 	 2 
 Site19 	 1 	 1 	 2 
 Site20 	 1.29303551569662e-28 	 1 	 2 
 Site21 	 2.18679420167476e-36 	 1 	 2 
 Site22 	 4.69757327513091e-35 	 1 	 2 
 Site23 	 1 	 1 	 2 
 Site24 	 7.43527295992806e-37 	 1 	 2 
 Site25 	 1.96252538135897e-22 	 1 	 2 
 Site26 	 9.02618304967092e-23 	 1 	 2 
 Site27 	 1 	 1 	 2 
 Site28 	 1 	 1 	 2 
 Site29 	 1.95316807053816e-307 	 1 	 2 
 Site30 	 0.208171490560016 	 1 	 2 
 Site31 	 1.00812546793641e-82 	 1 	 2 
 Site32 	 0.074329290304108 	 1 	 2 
 Site33 	 1 	 1 	 2 
 Site34 	 0.111873908687387 	 1 	 2 
 Site35 	 1.25722821401356e-228 	 1 	 2 
 Site36 	 2.97913613476738e-245 	 1 	 2 
 Site37 	 1 	 1 	 2 
 Site38 	 0.0641348732128804 	 1 	 2 
 Site39 	 0.0105472008610028 	 1 	 2 
 Site40 	 1.25423859401915e-10 	 1 	 2 
 Site41 	 5.92142675698306e-253 	 1 	 2 
 Site42 	 0.179741556271241 	 1 	 2 
 Site43 	 1 	 1 	 2 
 Site44 	 1 	 1 	 2 
 Site45 	 1 	 1 	 2 
 Site46 	 1 	 1 	 2 
 Site47 	 1 	 1 	 2 
 Site48 	 1 	 1 	 2 
 Site49 	 1.57676936758646e-121 	 1 	 2 
 Site50 	 1 	 1 	 2 
 Site51 	 1 	 1 	 2 
 Site52 	 1 	 1 	 2 
 Site53 	 1 	 1 	 2 
 Site54 	 0.0431378439093357 	 1 	 2 
 Site55 	 1 	 1 	 2 
 Site56 	 1 	 1 	 2 
 Site57 	 0.0169363107405623 	 1 	 2 
 Site58 	 1 	 1 	 2 
 Site59 	 1 	 1 	 2 
 Site60 	 5.05602362275984e-08 	 1 	 2 
 Site61 	 1 	 1 	 2 
 Site62 	 1 	 1 	 2 
 Site63 	 9.99608816708563e-143 	 1 	 2 
 Site64 	 1 	 1 	 2 
 Site65 	 1 	 1 	 2 
 Site66 	 1 	 1 	 2 
 Site67 	 1 	 1 	 2 
 Site68 	 1 	 1 	 2 
 Site69 	 1 	 1 	 2 
 Site70 	 1.96425705176599e-26 	 1 	 2 
 Site71 	 1 	 1 	 2 
 Site72 	 1 	 1 	 2 
 Site73 	 2.57768717310622e-243 	 1 	 2 
 Site74 	 0.116671350126566 	 1 	 2 
 Site75 	 0.0437164852772508 	 1 	 2 
 Site76 	 9.12652891477802e-14 	 1 	 2 
 Site77 	 1 	 1 	 2 
 Site78 	 0.0544468084051306 	 1 	 2 
 Site79 	 0.0953311908097992 	 1 	 2 
 Site80 	 1 	 1 	 2 
 Site81 	 1 	 1 	 2 
 Site82 	 1 	 1 	 2 
 Site83 	 1 	 1 	 2 
 Site84 	 1 	 1 	 2 
 Site85 	 1 	 1 	 2 
 Site86 	 1 	 1 	 2 
 Site87 	 2.9039026587258e-10 	 1 	 2 
 Site88 	 1 	 1 	 2 
 Site89 	 1 	 1 	 2 
 Site90 	 1 	 1 	 2 
 Site91 	 6.75658792516175e-126 	 1 	 2 
 Site92 	 0.00197872654097802 	 1 	 2 
 Site93 	 1 	 1 	 2 
 Site94 	 1 	 1 	 2 
 Site95 	 1 	 1 	 2 
 Site96 	 1 	 1 	 2 
 Site97 	 2.56729880268546e-92 	 1 	 2 
 Site98 	 0.0014112831887438 	 1 	 2 
 Site99 	 0.00641234146417009 	 1 	 2 
 Site100 	 0.0114880867525569 	 1 	 2 
 Site101 	 0.0103794128211725 	 1 	 2 
 Site102 	 0.00571157057797313 	 1 	 2 
 Site103 	 0.0429664670955693 	 1 	 2 
 Site104 	 0.0352889753112398 	 1 	 2 
 Site105 	 0.00362244293758303 	 1 	 2 
 Site106 	 0.0745216086964469 	 1 	 2 
 Site107 	 5.16810715403907e-05 	 1 	 2 
 Site108 	 0.0196588128441621 	 1 	 2 
 Site109 	 0.0451337075640746 	 1 	 2 
 Site110 	 0.027251348258619 	 1 	 2 
 Site111 	 0.0167196637297645 	 1 	 2 
 Site112 	 1 	 1 	 2 
 Site113 	 1 	 1 	 2 
 Site114 	 1 	 1 	 2 
 Site115 	 1.57552618375011e-11 	 1 	 2 
 Site116 	 0.0174048241825595 	 1 	 2 
 Site117 	 0.13607547510305 	 1 	 2 
 Site118 	 1 	 1 	 2 
 Site119 	 0.295180149846067 	 1 	 2 
 Site120 	 1 	 1 	 2 
 Site121 	 0.155641787258159 	 1 	 2 
 Site122 	 1 	 1 	 2 
 Site123 	 1 	 1 	 2 
 Site124 	 1 	 1 	 2 
 Site125 	 1 	 1 	 2 
 Site126 	 1 	 1 	 2 
 Site127 	 1.39754845616286e-09 	 1 	 2 
 Site128 	 1 	 1 	 2 
 Site129 	 1 	 1 	 2 
 Site130 	 1 	 1 	 2 
 Site131 	 1.07676085510029e-99 	 1 	 2 
 Site132 	 1 	 1 	 2 
 Site133 	 1.32785507510263e-08 	 1 	 2 
 Site134 	 5.07983346292846e-09 	 1 	 2 
 Site135 	 1 	 1 	 2 
 Site136 	 1 	 1 	 2 
 Site137 	 0.645681605427564 	 1 	 2 
 Site138 	 1 	 1 	 2 
 Site139 	 1 	 1 	 2 
 Site140 	 1 	 1 	 2 
 Site141 	 1.71741693923801e-110 	 1 	 2 
 Site142 	 1 	 1 	 2 
 Site143 	 1 	 1 	 2 
 Site144 	 0.558233507915698 	 1 	 2 
 Site145 	 1 	 1 	 2 
 Site146 	 1 	 1 	 2 
 Site147 	 1 	 1 	 2 
 Site148 	 1 	 1 	 2 
 Site149 	 1 	 1 	 2 
 Site150 	 1 	 1 	 2 
 Site151 	 1 	 1 	 2 
 Site152 	 1 	 1 	 2 
 Site153 	 1 	 1 	 2 
 Site154 	 1 	 1 	 2 
 Site155 	 3.99646331146177e-25 	 1 	 2 
 Site156 	 0.027184064049794 	 1 	 2 
 Site157 	 1 	 1 	 2 
 Site158 	 1 	 1 	 2 
 Site159 	 1 	 1 	 2 
 Site160 	 1 	 1 	 2 
 Site161 	 1 	 1 	 2 
 Site162 	 1.07967931470239e-28 	 1 	 2 
 Site163 	 1 	 1 	 2 
 Site164 	 1 	 1 	 2 
 Site165 	 1 	 1 	 2 
 Site166 	 1 	 1 	 2 
 Site167 	 1 	 1 	 2 
 Site168 	 1 	 1 	 2 
 Site169 	 1 	 1 	 2 
 Site170 	 1 	 1 	 2 
 Site171 	 1 	 1 	 2 
 Site172 	 5.33609965923752e-22 	 1 	 2 
 Site173 	 6.1983413731812e-10 	 1 	 2 
 Site174 	 1 	 1 	 2 
 Site175 	 1 	 1 	 2 
 Site176 	 1 	 1 	 2 
 Site177 	 1 	 1 	 2 
 Site178 	 1 	 1 	 2 
 Site179 	 1 	 1 	 2 
 Site180 	 1 	 1 	 2 
 Site181 	 1 	 1 	 2 
 Site182 	 5.01515383030924e-19 	 1 	 2 
 Site183 	 1 	 1 	 2 
 Site184 	 1 	 1 	 2 
 Site185 	 4.145970219503e-16 	 1 	 2 
 Site186 	 0.139306225557559 	 1 	 2 
 Site187 	 1 	 1 	 2 
 Site188 	 1 	 1 	 2 
 Site189 	 5.36362903821301e-185 	 1 	 2 
 Site190 	 1 	 1 	 2 
 Site191 	 1 	 1 	 2 
 Site192 	 0.0963829542783815 	 1 	 2 
 Site193 	 1 	 1 	 2 
 Site194 	 4.14958923876831e-21 	 1 	 2 
 Site195 	 3.85638685235636e-09 	 1 	 2 
 Site196 	 1 	 1 	 2 
 Site197 	 3.16517907573559e-35 	 1 	 2 
 Site198 	 1 	 1 	 2 
 Site199 	 6.70799314936258e-96 	 1 	 2 
 Site200 	 1 	 1 	 2 
 Site201 	 1.11488442079062e-139 	 1 	 2 
 Site202 	 1 	 1 	 2 
 Site203 	 1 	 1 	 2 
 Site204 	 1 	 1 	 2 
 Site205 	 1 	 1 	 2 
 Site206 	 1 	 1 	 2 
 Site207 	 1 	 1 	 2 
 Site208 	 1 	 1 	 2 
 Site209 	 1 	 1 	 2 
 Site210 	 1 	 1 	 2 
 Site211 	 4.54854395787274e-14 	 1 	 2 
 Site212 	 1 	 1 	 2 
 Site213 	 1 	 1 	 2 
 Site214 	 2.33178345221969e-147 	 1 	 2 
 Site215 	 0.892427512367018 	 1 	 2 
 Site216 	 4.53910846190533e-19 	 1 	 2 
 Site217 	 1 	 1 	 2 
 Site218 	 1 	 1 	 2 
 Site219 	 0.766658503073342 	 1 	 2 
 Site220 	 3.08918743849896e-10 	 1 	 2 
 Site221 	 1 	 1 	 2 
 Site222 	 0.567402517435135 	 1 	 2 
 Site223 	 4.05620773881692e-17 	 1 	 2 
 Site224 	 1 	 1 	 2 
 Site225 	 0.27387242180836 	 1 	 2 
 Site226 	 0.515816787760321 	 1 	 2 
 Site227 	 0.446310175127738 	 1 	 2 
 Site228 	 1 	 1 	 2 
 Site229 	 1 	 1 	 2 
 Site230 	 1 	 1 	 2 
 Site231 	 1 	 1 	 2 
 Site232 	 1 	 1 	 2 
 Site233 	 1 	 1 	 2 
 Site234 	 1 	 1 	 2 
 Site235 	 1 	 1 	 2 
 Site236 	 1 	 1 	 2 
 Site237 	 1 	 1 	 2 
 Site238 	 0.216430109946192 	 1 	 2 
 Site239 	 1 	 1 	 2 
 Site240 	 1 	 1 	 2 
 Site241 	 1 	 1 	 2 
 Site242 	 1 	 1 	 2 
 Site243 	 1 	 1 	 2 
 Site244 	 6.46979561181753e-91 	 1 	 2 
 Site245 	 1 	 1 	 2 
 Site246 	 1 	 1 	 2 
 Site247 	 0.360037907736234 	 1 	 2 
 Site248 	 1 	 1 	 2 
 Site249 	 1 	 1 	 2 
 Site250 	 1 	 1 	 2 
 Site251 	 0.157262113241902 	 1 	 2 
 Site252 	 0.174498298418039 	 1 	 2 
 Site253 	 1 	 1 	 2 
 Site254 	 2.2197797505754e-113 	 1 	 2 
 Site255 	 1.47884770957495e-09 	 1 	 2 
 Site256 	 1 	 1 	 2 
 Site257 	 0.140079101131075 	 1 	 2 
 Site258 	 1 	 1 	 2 
 Site259 	 1 	 1 	 2 
 Site260 	 0.0773425160656509 	 1 	 2 
 Site261 	 0.78559833870597 	 1 	 2 
 Site262 	 5.74445618576514e-09 	 1 	 2 
 Site263 	 0.0177833644741816 	 1 	 2 
 Site264 	 0.511692315108693 	 1 	 2 
 Site265 	 0.962464319319971 	 1 	 2 
 Site266 	 1.47778435824918e-93 	 1 	 2 
 Site267 	 1 	 1 	 2 
 Site268 	 1.12603048663074e-10 	 1 	 2 
 Site269 	 1 	 1 	 2 
 Site270 	 0.580914972139949 	 1 	 2 
 Site271 	 0.328728053676903 	 1 	 2 
 Site272 	 1 	 1 	 2 
 Site273 	 0.68425853377272 	 1 	 2 
 Site274 	 0.328515641168009 	 1 	 2 
 Site275 	 1 	 1 	 2 
 Site276 	 1 	 1 	 2 
 Site277 	 1 	 1 	 2 
 Site278 	 1 	 1 	 2 
 Site279 	 1 	 1 	 2 
 Site280 	 2.52257253132764e-120 	 1 	 2 
 Site281 	 1 	 1 	 2 
 Site282 	 9.98682523814907e-290 	 1 	 2 
 Site283 	 1 	 1 	 2 
 Site284 	 1 	 1 	 2 
 Site285 	 1 	 1 	 2 
 Site286 	 1 	 1 	 2 
 Site287 	 1 	 1 	 2 
 Site288 	 2.49091250253732e-11 	 1 	 2 
 Site289 	 2.78629251892644e-12 	 1 	 2 
 Site290 	 2.78629251892644e-12 	 1 	 2 
 Site291 	 1 	 1 	 2 
 Site292 	 0.157261906056713 	 1 	 2 
 Site293 	 0.00742208990161047 	 1 	 2 
 Site294 	 1.16066275565641e-10 	 1 	 2 
 Site295 	 1.73393607447499e-09 	 1 	 2 
 Site296 	 0.308672229071505 	 1 	 2 
 Site297 	 1.44110056582504e-90 	 1 	 2 
 Site298 	 1 	 1 	 2 
 Site299 	 1 	 1 	 2 
 Site300 	 1.24581356293346e-22 	 1 	 2 
 Site301 	 1 	 1 	 2 
 Site302 	 8.7532620246846e-11 	 1 	 2 
 Site303 	 4.52637987856843e-12 	 1 	 2 
 Site304 	 1 	 1 	 2 
 Site305 	 2.07774892013807e-106 	 1 	 2 
 Site306 	 0.0950689774119026 	 1 	 2 
 Site307 	 0.240527992088521 	 1 	 2 
 Site308 	 1 	 1 	 2 
 Site309 	 1 	 1 	 2 
 Site310 	 0.534719961448634 	 1 	 2 
 Site311 	 1 	 1 	 2 
 Site312 	 2.10116353999542e-259 	 1 	 2 
 Site313 	 0.717484141998356 	 1 	 2 
 Site314 	 1 	 1 	 2 
 Site315 	 1 	 1 	 2 
 Site316 	 1 	 1 	 2 
 Site317 	 2.23723525185883e-09 	 1 	 2 
 Site318 	 1 	 1 	 2 
 Site319 	 1 	 1 	 2 
 Site320 	 1 	 1 	 2 
 Site321 	 4.5247817862812e-234 	 1 	 2 
 Site322 	 1 	 1 	 2 
 Site323 	 1 	 1 	 2 
 Site324 	 9.08046927796559e-165 	 1 	 2 
 Site325 	 1 	 1 	 2 
 Site326 	 0.717484141998356 	 1 	 2 
 Site327 	 1 	 1 	 2 
 Site328 	 0.00335345597676369 	 1 	 2 
 Site329 	 0.78559833870597 	 1 	 2 
 Site330 	 0.00900353622469141 	 1 	 2 
 Site331 	 1 	 1 	 2 
 Site332 	 1 	 1 	 2 
 Site333 	 1 	 1 	 2 
 Site334 	 1 	 1 	 2 
 Site335 	 1 	 1 	 2 
 Site336 	 1 	 1 	 2 
 Site337 	 5.7398741438048e-09 	 1 	 2 
 Site338 	 1 	 1 	 2 
 Site339 	 7.99750389846882e-11 	 1 	 2 
 Site340 	 1 	 1 	 2 
 Site341 	 1 	 1 	 2 
 Site342 	 1 	 1 	 2 
 Site343 	 0.892557372011148 	 1 	 2 
 Site344 	 0.0203475386155564 	 1 	 2 
 Site345 	 6.15760303851755e-12 	 1 	 2 
 Site346 	 1 	 1 	 2 
 Site347 	 0.736748621841186 	 1 	 2 
 Site348 	 1 	 1 	 2 
 Site349 	 1 	 1 	 2 
 Site350 	 1 	 1 	 2 
 Site351 	 1 	 1 	 2 
 Site352 	 1 	 1 	 2 
 Site353 	 1 	 1 	 2 
 Site354 	 1 	 1 	 2 
 Site355 	 1 	 1 	 2 
 Site356 	 1 	 1 	 2 
 Site357 	 1 	 1 	 2 
 Site358 	 1 	 1 	 2 
 Site359 	 1 	 1 	 2 
 Site360 	 1 	 1 	 2 
 Site361 	 0.296885260193026 	 1 	 2 
 Site362 	 1.99129294334841e-10 	 1 	 2 
 Site363 	 8.3225142316405e-99 	 1 	 2 
 Site364 	 1 	 1 	 2 
 Site365 	 4.42805544863837e-91 	 1 	 2 
 Site366 	 1 	 1 	 2 
 Site367 	 2.48642318199858e-91 	 1 	 2 
 Site368 	 0.678760291059375 	 1 	 2 
 Site369 	 1 	 1 	 2 
 Site370 	 4.20685909456297e-125 	 1 	 2 
 Site371 	 1 	 1 	 2 
 Site372 	 1 	 1 	 2 
 Site373 	 1 	 1 	 2 
 Site374 	 1 	 1 	 2 
 Site375 	 1 	 1 	 2 
 Site376 	 1 	 1 	 2 
 Site377 	 1 	 1 	 2 
 Site378 	 1 	 1 	 2 
 Site379 	 4.57817052607118e-102 	 1 	 2 
 Site380 	 1 	 1 	 2 
 Site381 	 3.43809988857877e-99 	 1 	 2 
 Site382 	 0.672719855982244 	 1 	 2 
 Site383 	 1 	 1 	 2 
 Site384 	 6.29972760511585e-24 	 1 	 2 
 Site385 	 0.48386825953819 	 1 	 2 
 Site386 	 0.529043781304353 	 1 	 2 
 Site387 	 0.000383045257523571 	 1 	 2 
 Site388 	 0.754301353096783 	 1 	 2 
 Site389 	 1 	 1 	 2 
 Site390 	 0.191471056709868 	 1 	 2 
 Site391 	 1.03873827849604e-141 	 1 	 2 
 Site392 	 1.11630141601055e-55 	 1 	 2 
 Site393 	 1 	 1 	 2 
 Site394 	 1 	 1 	 2 
 Site395 	 0.0258419929908694 	 1 	 2 
 Site396 	 1 	 1 	 2 
 Site397 	 1 	 1 	 2 
 Site398 	 1 	 1 	 2 
 Site399 	 1 	 1 	 2 
 Site400 	 1 	 1 	 2 
 Site401 	 1 	 1 	 2 
 Site402 	 1 	 1 	 2 
 Site403 	 1 	 1 	 2 
 Site404 	 1 	 1 	 2 
 Site405 	 0.0612034260984359 	 1 	 2 
 Site406 	 1 	 1 	 2 
 Site407 	 3.10520519087259e-109 	 1 	 2 
 Site408 	 1 	 1 	 2 
 Site409 	 0.00750136300865417 	 1 	 2 
 Site410 	 0.932872700492293 	 1 	 2 
 Site411 	 1.20679767483495e-103 	 1 	 2 
 Site412 	 6.48521680178142e-80 	 1 	 2 
 Site413 	 0.15569651049677 	 1 	 2 
 Site414 	 1 	 1 	 2 
 Site415 	 1 	 1 	 2 
 Site416 	 3.54514081019118e-12 	 1 	 2 
 Site417 	 1 	 1 	 2 
 Site418 	 1 	 1 	 2 
 Site419 	 0.413326025106683 	 1 	 2 
 Site420 	 1 	 1 	 2 
 Site421 	 1 	 1 	 2 
 Site422 	 0.871465925508938 	 1 	 2 
 Site423 	 0.01256869678743 	 1 	 2 
 Site424 	 1 	 1 	 2 
 Site425 	 0.0605038513088792 	 1 	 2 
 Site426 	 1 	 1 	 2 
 Site427 	 0.125690531511865 	 1 	 2 
 Site428 	 1 	 1 	 2 
 Site429 	 7.84495075002772e-11 	 1 	 2 
 Site430 	 0.163589232516813 	 1 	 2 
 Site431 	 1.81768311582046e-86 	 1 	 2 
 Site432 	 2.78857138188689e-07 	 1 	 2 
 Site433 	 0.596538307751353 	 1 	 2 
 Site434 	 0.21402657140715 	 1 	 2 
 Site435 	 0.0893544609125893 	 1 	 2 
 Site436 	 0.0995558857285974 	 1 	 2 
 Site437 	 1.7477789546157e-13 	 1 	 2 
 Site438 	 0.0568747677252355 	 1 	 2 
 Site439 	 1 	 1 	 2 
 Site440 	 0.00607123794950516 	 1 	 2 
 Site441 	 0.0179020586294873 	 1 	 2 
 Site442 	 8.95859960949988e-127 	 1 	 2 
 Site443 	 1.72320139888381e-189 	 1 	 2 
 Site444 	 4.00578004147085e-294 	 1 	 2 
 Site445 	 0.0447151873989327 	 1 	 2 
 Site446 	 1 	 1 	 2 
 Site447 	 0.0287877197204285 	 1 	 2 
 Site448 	 0.00350193536817586 	 1 	 2 
 Site449 	 1 	 1 	 2 
 Site450 	 1 	 1 	 2 
 Site451 	 0.0456014095174764 	 1 	 2 
 Site452 	 3.59028007705307e-10 	 1 	 2 
 Site453 	 1 	 1 	 2 
 Site454 	 0.0737307757302077 	 1 	 2 
 Site455 	 0.0686253610782556 	 1 	 2 
 Site456 	 1 	 1 	 2 
 Site457 	 1 	 1 	 2 
 Site458 	 1 	 1 	 2 
 Site459 	 1 	 1 	 2 
 Site460 	 1 	 1 	 2 
 Site461 	 1 	 1 	 2 
 Site462 	 0.146806560352007 	 1 	 2 
 Site463 	 1 	 1 	 2 
 Site464 	 0.164811856528414 	 1 	 2 
 Site465 	 1 	 1 	 2 
 Site466 	 7.58681564098296e-05 	 1 	 2 
 Site467 	 0.0808930360499763 	 1 	 2 
 Site468 	 1 	 1 	 2 
 Site469 	 1 	 1 	 2 
 Site470 	 1 	 1 	 2 
 Site471 	 1 	 1 	 2 
 Site472 	 1 	 1 	 2 
 Site473 	 1 	 1 	 2 
 Site474 	 0.100428120367026 	 1 	 2 
 Site475 	 1 	 1 	 2 
 Site476 	 1 	 1 	 2 
 Site477 	 1 	 1 	 2 
 Site478 	 1 	 1 	 2 
 Site479 	 0.0772781961291976 	 1 	 2 
 Site480 	 1 	 1 	 2 
 Site481 	 0.0331890615806952 	 1 	 2 
 Site482 	 1 	 1 	 2 
 Site483 	 6.93456056533515e-12 	 1 	 2 
 Site484 	 1 	 1 	 2 
 Site485 	 2.32298740671445e-160 	 1 	 2 
 Site486 	 1 	 1 	 2 
 Site487 	 1 	 1 	 2 
 Site488 	 2.7823890035696e-09 	 1 	 2 
 Site489 	 1 	 1 	 2 
 Site490 	 1 	 1 	 2 
 Site491 	 1 	 1 	 2 
 Site492 	 1 	 1 	 2 
 Site493 	 1 	 1 	 2 
 Site494 	 1 	 1 	 2 
 Site495 	 1 	 1 	 2 
 Site496 	 1.049874650328e-281 	 1 	 2 
 Site497 	 0.0236893090177679 	 1 	 2 
 Site498 	 1 	 1 	 2 
 Site499 	 8.81954831974217e-233 	 1 	 2 
 Site500 	 1 	 1 	 2 
 Site501 	 7.29789364506036e-127 	 1 	 2 
 Site502 	 1 	 1 	 2 
 Site503 	 0.0051322365425129 	 1 	 2 
 Site504 	 1 	 1 	 2 
 Site505 	 1.73577176526042e-289 	 1 	 2 
 Site506 	 1 	 1 	 2 
 Site507 	 0.000185983011877308 	 1 	 2 
 Site508 	 1 	 1 	 2 
 Site509 	 1.92142283634332e-07 	 1 	 2 
"
