"resultMC"
"1" "Site Number	P-Value for Pairwise Comparison	Group 1 in Comparison	Group 2 in Comparison
 Site1 	 1 	 1 	 2 
 Site2 	 1 	 1 	 2 
 Site3 	 2.16423723510594e-31 	 1 	 2 
 Site4 	 1 	 1 	 2 
 Site5 	 6.42282480708298e-30 	 1 	 2 
 Site6 	 1 	 1 	 2 
 Site7 	 1 	 1 	 2 
 Site8 	 1 	 1 	 2 
 Site9 	 1.84565380968442e-29 	 1 	 2 
 Site10 	 3.03870972496508e-31 	 1 	 2 
 Site11 	 2.33452801755096e-10 	 1 	 2 
 Site12 	 1 	 1 	 2 
 Site13 	 7.84674235936085e-10 	 1 	 2 
 Site14 	 1.01935924161021e-09 	 1 	 2 
 Site15 	 1 	 1 	 2 
 Site16 	 2.35524335690199e-22 	 1 	 2 
 Site17 	 4.43000317273605e-11 	 1 	 2 
 Site18 	 1 	 1 	 2 
 Site19 	 1 	 1 	 2 
 Site20 	 6.43138774625085e-09 	 1 	 2 
 Site21 	 6.87320941376542e-21 	 1 	 2 
 Site22 	 3.40697206692934e-20 	 1 	 2 
 Site23 	 1 	 1 	 2 
 Site24 	 4.95632015628316e-22 	 1 	 2 
 Site25 	 1.36337089269234e-08 	 1 	 2 
 Site26 	 5.44793858977893e-09 	 1 	 2 
 Site27 	 1 	 1 	 2 
 Site28 	 1 	 1 	 2 
 Site29 	 1 	 1 	 2 
 Site30 	 0.00445277574039722 	 1 	 2 
 Site31 	 2.22521533740489e-105 	 1 	 2 
 Site32 	 1.13432745253393e-05 	 1 	 2 
 Site33 	 1 	 1 	 2 
 Site34 	 0.00260553252451981 	 1 	 2 
 Site35 	 8.44077311770357e-292 	 1 	 2 
 Site36 	 9.61543361730798e-313 	 1 	 2 
 Site37 	 3.69332400101793e-317 	 1 	 2 
 Site38 	 0.00473389894251883 	 1 	 2 
 Site39 	 0.00688364599530987 	 1 	 2 
 Site40 	 1.04122731341939e-14 	 1 	 2 
 Site41 	 6.91691904177745e-323 	 1 	 2 
 Site42 	 0.0013327676289925 	 1 	 2 
 Site43 	 1 	 1 	 2 
 Site44 	 1 	 1 	 2 
 Site45 	 1 	 1 	 2 
 Site46 	 1 	 1 	 2 
 Site47 	 1 	 1 	 2 
 Site48 	 1 	 1 	 2 
 Site49 	 2.33619431398745e-167 	 1 	 2 
 Site50 	 1 	 1 	 2 
 Site51 	 1 	 1 	 2 
 Site52 	 1 	 1 	 2 
 Site53 	 1 	 1 	 2 
 Site54 	 0.00122105346259903 	 1 	 2 
 Site55 	 1 	 1 	 2 
 Site56 	 1 	 1 	 2 
 Site57 	 0.000883432261550064 	 1 	 2 
 Site58 	 1 	 1 	 2 
 Site59 	 1 	 1 	 2 
 Site60 	 0.0017618289534365 	 1 	 2 
 Site61 	 1 	 1 	 2 
 Site62 	 1 	 1 	 2 
 Site63 	 1.07800604096368e-183 	 1 	 2 
 Site64 	 1 	 1 	 2 
 Site65 	 1 	 1 	 2 
 Site66 	 1 	 1 	 2 
 Site67 	 1 	 1 	 2 
 Site68 	 1 	 1 	 2 
 Site69 	 1 	 1 	 2 
 Site70 	 8.20941587864307e-34 	 1 	 2 
 Site71 	 1 	 1 	 2 
 Site72 	 1 	 1 	 2 
 Site73 	 4.08852835134469e-309 	 1 	 2 
 Site74 	 0.00639097917038382 	 1 	 2 
 Site75 	 0.00270763165915924 	 1 	 2 
 Site76 	 1.8053547621252e-17 	 1 	 2 
 Site77 	 1 	 1 	 2 
 Site78 	 0.0265994428619603 	 1 	 2 
 Site79 	 0.0108768266184823 	 1 	 2 
 Site80 	 1 	 1 	 2 
 Site81 	 1 	 1 	 2 
 Site82 	 1 	 1 	 2 
 Site83 	 1 	 1 	 2 
 Site84 	 1 	 1 	 2 
 Site85 	 1 	 1 	 2 
 Site86 	 1 	 1 	 2 
 Site87 	 3.16195621718415e-12 	 1 	 2 
 Site88 	 1 	 1 	 2 
 Site89 	 1 	 1 	 2 
 Site90 	 1 	 1 	 2 
 Site91 	 5.94136898917687e-226 	 1 	 2 
 Site92 	 0.0724274230385707 	 1 	 2 
 Site93 	 1 	 1 	 2 
 Site94 	 1 	 1 	 2 
 Site95 	 1 	 1 	 2 
 Site96 	 1 	 1 	 2 
 Site97 	 1.21275922115036e-118 	 1 	 2 
 Site98 	 0.0143744870181405 	 1 	 2 
 Site99 	 0.0164989622741753 	 1 	 2 
 Site100 	 0.0226886078305786 	 1 	 2 
 Site101 	 0.0169236294799315 	 1 	 2 
 Site102 	 0.0303093045709243 	 1 	 2 
 Site103 	 0.000124476985865535 	 1 	 2 
 Site104 	 0.00477237105771066 	 1 	 2 
 Site105 	 0.0233948226085312 	 1 	 2 
 Site106 	 0.00138045510362254 	 1 	 2 
 Site107 	 0.000490205982947695 	 1 	 2 
 Site108 	 0.0360746368996015 	 1 	 2 
 Site109 	 0.0385029706974593 	 1 	 2 
 Site110 	 0.0918634275967251 	 1 	 2 
 Site111 	 0.0513277210451743 	 1 	 2 
 Site112 	 1 	 1 	 2 
 Site113 	 1 	 1 	 2 
 Site114 	 1 	 1 	 2 
 Site115 	 2.75428429376785e-14 	 1 	 2 
 Site116 	 0.0220283376158984 	 1 	 2 
 Site117 	 5.18792450372016e-10 	 1 	 2 
 Site118 	 1 	 1 	 2 
 Site119 	 0.408644241385294 	 1 	 2 
 Site120 	 1 	 1 	 2 
 Site121 	 2.69384847755883e-09 	 1 	 2 
 Site122 	 1 	 1 	 2 
 Site123 	 1 	 1 	 2 
 Site124 	 1 	 1 	 2 
 Site125 	 1 	 1 	 2 
 Site126 	 1 	 1 	 2 
 Site127 	 6.75318554867899e-13 	 1 	 2 
 Site128 	 1 	 1 	 2 
 Site129 	 1 	 1 	 2 
 Site130 	 1 	 1 	 2 
 Site131 	 1 	 1 	 2 
 Site132 	 1 	 1 	 2 
 Site133 	 5.70972604745487e-12 	 1 	 2 
 Site134 	 1.49856797694426e-13 	 1 	 2 
 Site135 	 1 	 1 	 2 
 Site136 	 1 	 1 	 2 
 Site137 	 0.543109987384732 	 1 	 2 
 Site138 	 1 	 1 	 2 
 Site139 	 1 	 1 	 2 
 Site140 	 1 	 1 	 2 
 Site141 	 1 	 1 	 2 
 Site142 	 1 	 1 	 2 
 Site143 	 1 	 1 	 2 
 Site144 	 0.0432799069680753 	 1 	 2 
 Site145 	 1 	 1 	 2 
 Site146 	 1 	 1 	 2 
 Site147 	 1 	 1 	 2 
 Site148 	 1 	 1 	 2 
 Site149 	 1 	 1 	 2 
 Site150 	 1 	 1 	 2 
 Site151 	 1 	 1 	 2 
 Site152 	 1.28610666147632e-155 	 1 	 2 
 Site153 	 1 	 1 	 2 
 Site154 	 1 	 1 	 2 
 Site155 	 2.74495500590214e-32 	 1 	 2 
 Site156 	 0.0122981942339868 	 1 	 2 
 Site157 	 1 	 1 	 2 
 Site158 	 1.43091741714813e-180 	 1 	 2 
 Site159 	 1 	 1 	 2 
 Site160 	 1 	 1 	 2 
 Site161 	 1 	 1 	 2 
 Site162 	 2.93959232848184e-36 	 1 	 2 
 Site163 	 1 	 1 	 2 
 Site164 	 1 	 1 	 2 
 Site165 	 1 	 1 	 2 
 Site166 	 1 	 1 	 2 
 Site167 	 1 	 1 	 2 
 Site168 	 1 	 1 	 2 
 Site169 	 1 	 1 	 2 
 Site170 	 1 	 1 	 2 
 Site171 	 1 	 1 	 2 
 Site172 	 1.19207309183218e-26 	 1 	 2 
 Site173 	 3.36206191776711e-13 	 1 	 2 
 Site174 	 1 	 1 	 2 
 Site175 	 1 	 1 	 2 
 Site176 	 1 	 1 	 2 
 Site177 	 1 	 1 	 2 
 Site178 	 1 	 1 	 2 
 Site179 	 1 	 1 	 2 
 Site180 	 1 	 1 	 2 
 Site181 	 1 	 1 	 2 
 Site182 	 5.92713386905138e-26 	 1 	 2 
 Site183 	 1 	 1 	 2 
 Site184 	 1 	 1 	 2 
 Site185 	 4.58611120570084e-20 	 1 	 2 
 Site186 	 0.894699834719585 	 1 	 2 
 Site187 	 1 	 1 	 2 
 Site188 	 1 	 1 	 2 
 Site189 	 2.9401347888805e-205 	 1 	 2 
 Site190 	 1 	 1 	 2 
 Site191 	 1 	 1 	 2 
 Site192 	 0.000122693832932528 	 1 	 2 
 Site193 	 1 	 1 	 2 
 Site194 	 2.67303202285164e-26 	 1 	 2 
 Site195 	 5.88038445106603e-14 	 1 	 2 
 Site196 	 1 	 1 	 2 
 Site197 	 3.72434216196561e-15 	 1 	 2 
 Site198 	 1 	 1 	 2 
 Site199 	 7.15305360266337e-103 	 1 	 2 
 Site200 	 1 	 1 	 2 
 Site201 	 1.60559354099529e-170 	 1 	 2 
 Site202 	 1 	 1 	 2 
 Site203 	 1 	 1 	 2 
 Site204 	 1 	 1 	 2 
 Site205 	 1 	 1 	 2 
 Site206 	 1 	 1 	 2 
 Site207 	 1 	 1 	 2 
 Site208 	 1 	 1 	 2 
 Site209 	 1 	 1 	 2 
 Site210 	 1 	 1 	 2 
 Site211 	 1.53698115186694e-16 	 1 	 2 
 Site212 	 1 	 1 	 2 
 Site213 	 1 	 1 	 2 
 Site214 	 3.70405300867555e-197 	 1 	 2 
 Site215 	 0.640939662478491 	 1 	 2 
 Site216 	 7.71731261369675e-26 	 1 	 2 
 Site217 	 1 	 1 	 2 
 Site218 	 1 	 1 	 2 
 Site219 	 0.661933658961391 	 1 	 2 
 Site220 	 2.32238435412285e-13 	 1 	 2 
 Site221 	 1 	 1 	 2 
 Site222 	 0.0800192142080393 	 1 	 2 
 Site223 	 3.51155879577884e-17 	 1 	 2 
 Site224 	 1 	 1 	 2 
 Site225 	 0.553524843921243 	 1 	 2 
 Site226 	 0.0527880081332335 	 1 	 2 
 Site227 	 0.00220076671130358 	 1 	 2 
 Site228 	 1 	 1 	 2 
 Site229 	 1 	 1 	 2 
 Site230 	 1 	 1 	 2 
 Site231 	 1 	 1 	 2 
 Site232 	 1 	 1 	 2 
 Site233 	 3.8949776958599e-71 	 1 	 2 
 Site234 	 1 	 1 	 2 
 Site235 	 1 	 1 	 2 
 Site236 	 1 	 1 	 2 
 Site237 	 1 	 1 	 2 
 Site238 	 0.240371190785495 	 1 	 2 
 Site239 	 1 	 1 	 2 
 Site240 	 1 	 1 	 2 
 Site241 	 1 	 1 	 2 
 Site242 	 1 	 1 	 2 
 Site243 	 1 	 1 	 2 
 Site244 	 2.6922848072504e-116 	 1 	 2 
 Site245 	 1 	 1 	 2 
 Site246 	 1 	 1 	 2 
 Site247 	 0.268806777570208 	 1 	 2 
 Site248 	 1 	 1 	 2 
 Site249 	 1 	 1 	 2 
 Site250 	 1 	 1 	 2 
 Site251 	 0.0209564155638775 	 1 	 2 
 Site252 	 0.463875702663667 	 1 	 2 
 Site253 	 1 	 1 	 2 
 Site254 	 6.9195442077009e-161 	 1 	 2 
 Site255 	 4.30553375602849e-15 	 1 	 2 
 Site256 	 1 	 1 	 2 
 Site257 	 0.0221684370466668 	 1 	 2 
 Site258 	 1 	 1 	 2 
 Site259 	 1 	 1 	 2 
 Site260 	 0.130727503401141 	 1 	 2 
 Site261 	 0.33406333511514 	 1 	 2 
 Site262 	 1.13367211066004e-12 	 1 	 2 
 Site263 	 0.680801769828979 	 1 	 2 
 Site264 	 0.594296789719946 	 1 	 2 
 Site265 	 0.209044755862781 	 1 	 2 
 Site266 	 7.21823837662734e-118 	 1 	 2 
 Site267 	 1 	 1 	 2 
 Site268 	 1.68365534288031e-21 	 1 	 2 
 Site269 	 1 	 1 	 2 
 Site270 	 0.00364426440220771 	 1 	 2 
 Site271 	 0.108461989512213 	 1 	 2 
 Site272 	 1 	 1 	 2 
 Site273 	 0.426865357386046 	 1 	 2 
 Site274 	 0.470370954448422 	 1 	 2 
 Site275 	 1 	 1 	 2 
 Site276 	 1 	 1 	 2 
 Site277 	 1 	 1 	 2 
 Site278 	 1 	 1 	 2 
 Site279 	 1 	 1 	 2 
 Site280 	 2.43315941329301e-155 	 1 	 2 
 Site281 	 1 	 1 	 2 
 Site282 	 1 	 1 	 2 
 Site283 	 1 	 1 	 2 
 Site284 	 1 	 1 	 2 
 Site285 	 1 	 1 	 2 
 Site286 	 1 	 1 	 2 
 Site287 	 1 	 1 	 2 
 Site288 	 3.86741141289047e-14 	 1 	 2 
 Site289 	 3.86165533726022e-15 	 1 	 2 
 Site290 	 3.86165533726022e-15 	 1 	 2 
 Site291 	 1 	 1 	 2 
 Site292 	 0.842350173554345 	 1 	 2 
 Site293 	 0.105577338827313 	 1 	 2 
 Site294 	 4.26073753866747e-11 	 1 	 2 
 Site295 	 1.76519089490597e-17 	 1 	 2 
 Site296 	 0.11351934071274 	 1 	 2 
 Site297 	 9.37699741940164e-112 	 1 	 2 
 Site298 	 1 	 1 	 2 
 Site299 	 1 	 1 	 2 
 Site300 	 8.75138312632492e-28 	 1 	 2 
 Site301 	 1 	 1 	 2 
 Site302 	 3.04125634184885e-12 	 1 	 2 
 Site303 	 6.42469467581961e-15 	 1 	 2 
 Site304 	 1 	 1 	 2 
 Site305 	 5.73210215967407e-135 	 1 	 2 
 Site306 	 7.40384202502522e-17 	 1 	 2 
 Site307 	 0.464008770986961 	 1 	 2 
 Site308 	 1 	 1 	 2 
 Site309 	 1 	 1 	 2 
 Site310 	 0.0480612678046914 	 1 	 2 
 Site311 	 1 	 1 	 2 
 Site312 	 1 	 1 	 2 
 Site313 	 0.542114648210249 	 1 	 2 
 Site314 	 1 	 1 	 2 
 Site315 	 1 	 1 	 2 
 Site316 	 1 	 1 	 2 
 Site317 	 2.42945519177949e-11 	 1 	 2 
 Site318 	 1 	 1 	 2 
 Site319 	 1 	 1 	 2 
 Site320 	 1 	 1 	 2 
 Site321 	 3.23729833025709e-297 	 1 	 2 
 Site322 	 1 	 1 	 2 
 Site323 	 1 	 1 	 2 
 Site324 	 1.61636620331204e-207 	 1 	 2 
 Site325 	 1 	 1 	 2 
 Site326 	 0.51980646965085 	 1 	 2 
 Site327 	 1 	 1 	 2 
 Site328 	 0.000185396565450103 	 1 	 2 
 Site329 	 0.23660543379674 	 1 	 2 
 Site330 	 0.500604579345075 	 1 	 2 
 Site331 	 1 	 1 	 2 
 Site332 	 1 	 1 	 2 
 Site333 	 1 	 1 	 2 
 Site334 	 1 	 1 	 2 
 Site335 	 1 	 1 	 2 
 Site336 	 1 	 1 	 2 
 Site337 	 2.38236772328266e-12 	 1 	 2 
 Site338 	 1 	 1 	 2 
 Site339 	 1.25871117048548e-14 	 1 	 2 
 Site340 	 1 	 1 	 2 
 Site341 	 1 	 1 	 2 
 Site342 	 1 	 1 	 2 
 Site343 	 0.274584907825057 	 1 	 2 
 Site344 	 0.668683326916487 	 1 	 2 
 Site345 	 7.00411592385999e-23 	 1 	 2 
 Site346 	 1 	 1 	 2 
 Site347 	 0.439847191194158 	 1 	 2 
 Site348 	 1 	 1 	 2 
 Site349 	 1 	 1 	 2 
 Site350 	 1 	 1 	 2 
 Site351 	 1 	 1 	 2 
 Site352 	 1 	 1 	 2 
 Site353 	 1 	 1 	 2 
 Site354 	 1 	 1 	 2 
 Site355 	 1 	 1 	 2 
 Site356 	 1 	 1 	 2 
 Site357 	 1 	 1 	 2 
 Site358 	 1 	 1 	 2 
 Site359 	 1 	 1 	 2 
 Site360 	 1 	 1 	 2 
 Site361 	 0.482775239487411 	 1 	 2 
 Site362 	 5.81336570504501e-11 	 1 	 2 
 Site363 	 2.19576864983582e-73 	 1 	 2 
 Site364 	 1 	 1 	 2 
 Site365 	 2.79551603228127e-115 	 1 	 2 
 Site366 	 1 	 1 	 2 
 Site367 	 1.47590042492022e-113 	 1 	 2 
 Site368 	 0.424220762023609 	 1 	 2 
 Site369 	 1 	 1 	 2 
 Site370 	 2.05422505596603e-162 	 1 	 2 
 Site371 	 1 	 1 	 2 
 Site372 	 1 	 1 	 2 
 Site373 	 1 	 1 	 2 
 Site374 	 1 	 1 	 2 
 Site375 	 1 	 1 	 2 
 Site376 	 1 	 1 	 2 
 Site377 	 1 	 1 	 2 
 Site378 	 1 	 1 	 2 
 Site379 	 1.03895382936298e-125 	 1 	 2 
 Site380 	 1 	 1 	 2 
 Site381 	 2.06970813195706e-129 	 1 	 2 
 Site382 	 0.515140032141523 	 1 	 2 
 Site383 	 1 	 1 	 2 
 Site384 	 5.57943663926183e-31 	 1 	 2 
 Site385 	 0.409603125971244 	 1 	 2 
 Site386 	 0.48516952044391 	 1 	 2 
 Site387 	 2.27724084518702e-30 	 1 	 2 
 Site388 	 0.34624804680949 	 1 	 2 
 Site389 	 1 	 1 	 2 
 Site390 	 0.125852987050872 	 1 	 2 
 Site391 	 2.82699824047754e-181 	 1 	 2 
 Site392 	 3.46236750723093e-57 	 1 	 2 
 Site393 	 1 	 1 	 2 
 Site394 	 1.60599172902805e-17 	 1 	 2 
 Site395 	 0.306358979205146 	 1 	 2 
 Site396 	 1 	 1 	 2 
 Site397 	 1 	 1 	 2 
 Site398 	 1 	 1 	 2 
 Site399 	 1 	 1 	 2 
 Site400 	 1 	 1 	 2 
 Site401 	 1 	 1 	 2 
 Site402 	 1 	 1 	 2 
 Site403 	 1 	 1 	 2 
 Site404 	 1 	 1 	 2 
 Site405 	 0.736516282932917 	 1 	 2 
 Site406 	 1 	 1 	 2 
 Site407 	 5.64429521440704e-140 	 1 	 2 
 Site408 	 1 	 1 	 2 
 Site409 	 0.668627697813812 	 1 	 2 
 Site410 	 0.16139714551216 	 1 	 2 
 Site411 	 7.14733368487975e-81 	 1 	 2 
 Site412 	 3.97024035150314e-102 	 1 	 2 
 Site413 	 0.261879763080122 	 1 	 2 
 Site414 	 1 	 1 	 2 
 Site415 	 1 	 1 	 2 
 Site416 	 3.39289498339053e-10 	 1 	 2 
 Site417 	 1 	 1 	 2 
 Site418 	 1 	 1 	 2 
 Site419 	 0.170193051773149 	 1 	 2 
 Site420 	 1 	 1 	 2 
 Site421 	 1 	 1 	 2 
 Site422 	 0.0503376891227171 	 1 	 2 
 Site423 	 1.52401738830155e-05 	 1 	 2 
 Site424 	 1 	 1 	 2 
 Site425 	 0.00727776245559113 	 1 	 2 
 Site426 	 1 	 1 	 2 
 Site427 	 0.00694949194961452 	 1 	 2 
 Site428 	 1 	 1 	 2 
 Site429 	 2.41426779295788e-14 	 1 	 2 
 Site430 	 0.0291634295591027 	 1 	 2 
 Site431 	 3.51401664532404e-121 	 1 	 2 
 Site432 	 4.86283669517735e-10 	 1 	 2 
 Site433 	 0.0311294607788811 	 1 	 2 
 Site434 	 0.0449682165286388 	 1 	 2 
 Site435 	 0.67475461265939 	 1 	 2 
 Site436 	 0.202370483691265 	 1 	 2 
 Site437 	 4.88925019524157e-12 	 1 	 2 
 Site438 	 0.209523588944969 	 1 	 2 
 Site439 	 1 	 1 	 2 
 Site440 	 0.342894836119087 	 1 	 2 
 Site441 	 0.394818678259179 	 1 	 2 
 Site442 	 1.69605011161576e-114 	 1 	 2 
 Site443 	 5.35552719948366e-234 	 1 	 2 
 Site444 	 1 	 1 	 2 
 Site445 	 0.423618767075886 	 1 	 2 
 Site446 	 1 	 1 	 2 
 Site447 	 0.11486151377083 	 1 	 2 
 Site448 	 0.00394205404673112 	 1 	 2 
 Site449 	 1 	 1 	 2 
 Site450 	 1 	 1 	 2 
 Site451 	 0.363511232323695 	 1 	 2 
 Site452 	 6.65843766993759e-12 	 1 	 2 
 Site453 	 1 	 1 	 2 
 Site454 	 0.00348048639843778 	 1 	 2 
 Site455 	 0.226124415540955 	 1 	 2 
 Site456 	 1 	 1 	 2 
 Site457 	 1 	 1 	 2 
 Site458 	 1 	 1 	 2 
 Site459 	 1 	 1 	 2 
 Site460 	 1 	 1 	 2 
 Site461 	 1 	 1 	 2 
 Site462 	 0.198729079040347 	 1 	 2 
 Site463 	 1 	 1 	 2 
 Site464 	 0.490569636720846 	 1 	 2 
 Site465 	 1 	 1 	 2 
 Site466 	 2.06180865951264e-06 	 1 	 2 
 Site467 	 0.193217068397698 	 1 	 2 
 Site468 	 1 	 1 	 2 
 Site469 	 1 	 1 	 2 
 Site470 	 1 	 1 	 2 
 Site471 	 1 	 1 	 2 
 Site472 	 1 	 1 	 2 
 Site473 	 1 	 1 	 2 
 Site474 	 0.200133814240558 	 1 	 2 
 Site475 	 1 	 1 	 2 
 Site476 	 1 	 1 	 2 
 Site477 	 1 	 1 	 2 
 Site478 	 1 	 1 	 2 
 Site479 	 0.074787819123623 	 1 	 2 
 Site480 	 1 	 1 	 2 
 Site481 	 0.119376024853697 	 1 	 2 
 Site482 	 1 	 1 	 2 
 Site483 	 5.91505785445544e-15 	 1 	 2 
 Site484 	 1 	 1 	 2 
 Site485 	 2.61863854565093e-205 	 1 	 2 
 Site486 	 1 	 1 	 2 
 Site487 	 1 	 1 	 2 
 Site488 	 1.02591716541299e-17 	 1 	 2 
 Site489 	 1 	 1 	 2 
 Site490 	 1 	 1 	 2 
 Site491 	 1 	 1 	 2 
 Site492 	 1 	 1 	 2 
 Site493 	 1 	 1 	 2 
 Site494 	 1 	 1 	 2 
 Site495 	 1 	 1 	 2 
 Site496 	 1 	 1 	 2 
 Site497 	 8.8150356529776e-26 	 1 	 2 
 Site498 	 1 	 1 	 2 
 Site499 	 1 	 1 	 2 
 Site500 	 1 	 1 	 2 
 Site501 	 3.91129322019386e-193 	 1 	 2 
 Site502 	 1 	 1 	 2 
 Site503 	 1.09502563938916e-23 	 1 	 2 
 Site504 	 1 	 1 	 2 
 Site505 	 1 	 1 	 2 
 Site506 	 1 	 1 	 2 
 Site507 	 2.90457047879472e-23 	 1 	 2 
 Site508 	 1 	 1 	 2 
 Site509 	 0.481179194033928 	 1 	 2 
"
