"resultMC"
"1" "Site Number	P-Value for Pairwise Comparison	Group 1 in Comparison	Group 2 in Comparison
 Site1 	 1.9082464771494e-24 	 1 	 2 
 Site2 	 5.87921139066342e-24 	 1 	 2 
 Site3 	 1.73790268054359e-26 	 1 	 2 
 Site4 	 1.09698355024543e-24 	 1 	 2 
 Site5 	 3.26596459920181e-28 	 1 	 2 
 Site6 	 8.32156557677472e-25 	 1 	 2 
 Site7 	 4.32181422792276e-26 	 1 	 2 
 Site8 	 8.26673201633836e-26 	 1 	 2 
 Site9 	 1.63785563258108e-27 	 1 	 2 
 Site10 	 2.26606512831543e-26 	 1 	 2 
 Site11 	 3.10858906613651e-85 	 1 	 2 
 Site12 	 1.38959703905835e-82 	 1 	 2 
 Site13 	 2.36790397109881e-90 	 1 	 2 
 Site14 	 2.37196461710412e-93 	 1 	 2 
 Site15 	 5.09129281516605e-86 	 1 	 2 
 Site16 	 8.4538340016886e-91 	 1 	 2 
 Site17 	 2.17949832993684e-93 	 1 	 2 
 Site18 	 2.07306591057943e-94 	 1 	 2 
 Site19 	 9.02359931206427e-94 	 1 	 2 
 Site20 	 6.82374497738472e-96 	 1 	 2 
 Site21 	 7.53298574673329e-94 	 1 	 2 
 Site22 	 1.39533853862365e-94 	 1 	 2 
 Site23 	 1.77608823386939e-95 	 1 	 2 
 Site24 	 1.03982782854373e-93 	 1 	 2 
 Site25 	 1.61066016029959e-104 	 1 	 2 
 Site26 	 2.23349895336502e-105 	 1 	 2 
 Site27 	 4.97980618862203e-117 	 1 	 2 
 Site28 	 3.24046332369486e-258 	 1 	 2 
 Site29 	 2.64971585021447e-263 	 1 	 2 
 Site30 	 2.63831495583746e-263 	 1 	 2 
 Site31 	 2.65369662531923e-263 	 1 	 2 
 Site32 	 1.64053699908144e-264 	 1 	 2 
 Site33 	 1 	 1 	 2 
 Site34 	 1 	 1 	 2 
 Site35 	 1 	 1 	 2 
 Site36 	 1 	 1 	 2 
 Site37 	 1 	 1 	 2 
 Site38 	 1 	 1 	 2 
 Site39 	 1 	 1 	 2 
 Site40 	 1 	 1 	 2 
 Site41 	 1 	 1 	 2 
 Site42 	 1 	 1 	 2 
 Site43 	 1 	 1 	 2 
 Site44 	 1 	 1 	 2 
 Site45 	 1 	 1 	 2 
 Site46 	 1 	 1 	 2 
 Site47 	 1 	 1 	 2 
 Site48 	 1 	 1 	 2 
 Site49 	 1 	 1 	 2 
 Site50 	 1 	 1 	 2 
 Site51 	 1 	 1 	 2 
 Site52 	 1 	 1 	 2 
 Site53 	 1 	 1 	 2 
 Site54 	 1 	 1 	 2 
 Site55 	 1 	 1 	 2 
 Site56 	 1 	 1 	 2 
 Site57 	 1 	 1 	 2 
 Site58 	 1 	 1 	 2 
 Site59 	 1 	 1 	 2 
 Site60 	 1 	 1 	 2 
 Site61 	 1 	 1 	 2 
 Site62 	 1 	 1 	 2 
 Site63 	 1 	 1 	 2 
 Site64 	 1 	 1 	 2 
 Site65 	 1 	 1 	 2 
 Site66 	 1 	 1 	 2 
 Site67 	 1 	 1 	 2 
 Site68 	 1 	 1 	 2 
 Site69 	 1 	 1 	 2 
 Site70 	 1 	 1 	 2 
 Site71 	 1 	 1 	 2 
 Site72 	 1 	 1 	 2 
 Site73 	 1 	 1 	 2 
 Site74 	 1 	 1 	 2 
 Site75 	 1 	 1 	 2 
 Site76 	 1 	 1 	 2 
 Site77 	 1 	 1 	 2 
 Site78 	 1 	 1 	 2 
 Site79 	 1 	 1 	 2 
 Site80 	 1 	 1 	 2 
 Site81 	 1 	 1 	 2 
 Site82 	 1 	 1 	 2 
 Site83 	 1 	 1 	 2 
 Site84 	 1 	 1 	 2 
 Site85 	 1 	 1 	 2 
 Site86 	 1 	 1 	 2 
 Site87 	 1 	 1 	 2 
 Site88 	 1 	 1 	 2 
 Site89 	 1 	 1 	 2 
 Site90 	 1 	 1 	 2 
 Site91 	 1 	 1 	 2 
 Site92 	 1 	 1 	 2 
 Site93 	 1 	 1 	 2 
 Site94 	 1 	 1 	 2 
 Site95 	 1 	 1 	 2 
 Site96 	 1 	 1 	 2 
 Site97 	 1 	 1 	 2 
 Site98 	 1 	 1 	 2 
 Site99 	 1 	 1 	 2 
 Site100 	 1 	 1 	 2 
 Site101 	 1 	 1 	 2 
 Site102 	 1 	 1 	 2 
 Site103 	 1 	 1 	 2 
 Site104 	 1 	 1 	 2 
 Site105 	 1 	 1 	 2 
 Site106 	 1 	 1 	 2 
 Site107 	 1 	 1 	 2 
 Site108 	 1 	 1 	 2 
 Site109 	 1 	 1 	 2 
 Site110 	 1 	 1 	 2 
 Site111 	 1 	 1 	 2 
 Site112 	 1 	 1 	 2 
 Site113 	 1 	 1 	 2 
 Site114 	 1 	 1 	 2 
 Site115 	 1 	 1 	 2 
 Site116 	 1 	 1 	 2 
 Site117 	 1 	 1 	 2 
 Site118 	 1 	 1 	 2 
 Site119 	 1 	 1 	 2 
 Site120 	 1 	 1 	 2 
 Site121 	 1 	 1 	 2 
 Site122 	 1 	 1 	 2 
 Site123 	 1 	 1 	 2 
 Site124 	 1 	 1 	 2 
 Site125 	 1 	 1 	 2 
 Site126 	 1 	 1 	 2 
 Site127 	 1 	 1 	 2 
 Site128 	 1 	 1 	 2 
 Site129 	 1 	 1 	 2 
 Site130 	 1 	 1 	 2 
 Site131 	 0.997065504722133 	 1 	 2 
 Site132 	 1.79670764722026e-59 	 1 	 2 
 Site133 	 0.999999984148518 	 1 	 2 
 Site134 	 0.999999999026353 	 1 	 2 
 Site135 	 0.990914004150519 	 1 	 2 
 Site136 	 1 	 1 	 2 
 Site137 	 0.99999995915205 	 1 	 2 
 Site138 	 1 	 1 	 2 
 Site139 	 1 	 1 	 2 
 Site140 	 0.191855089730291 	 1 	 2 
 Site141 	 0.999913406560487 	 1 	 2 
 Site142 	 1 	 1 	 2 
 Site143 	 0.99644429986353 	 1 	 2 
 Site144 	 0.999999997867172 	 1 	 2 
 Site145 	 0.0452666346162181 	 1 	 2 
 Site146 	 0.00394304245417119 	 1 	 2 
 Site147 	 0.0146765533137709 	 1 	 2 
 Site148 	 0.178009138876929 	 1 	 2 
 Site149 	 1.21375788308948e-63 	 1 	 2 
 Site150 	 1.37533582654192e-73 	 1 	 2 
 Site151 	 1 	 1 	 2 
 Site152 	 0.999999926542379 	 1 	 2 
 Site153 	 0.324547875547031 	 1 	 2 
 Site154 	 0.161455683250236 	 1 	 2 
 Site155 	 0.999999662703172 	 1 	 2 
 Site156 	 0.999999999884891 	 1 	 2 
 Site157 	 0.784639623123219 	 1 	 2 
 Site158 	 0.986682926494903 	 1 	 2 
 Site159 	 0.980906854292911 	 1 	 2 
 Site160 	 0.64726159610341 	 1 	 2 
 Site161 	 1 	 1 	 2 
 Site162 	 0.0800886152302514 	 1 	 2 
 Site163 	 0.0010480263200762 	 1 	 2 
 Site164 	 1 	 1 	 2 
 Site165 	 1 	 1 	 2 
 Site166 	 0.104344378543891 	 1 	 2 
 Site167 	 6.11021814411033e-07 	 1 	 2 
 Site168 	 2.32585961851075e-07 	 1 	 2 
 Site169 	 0.230084493082782 	 1 	 2 
 Site170 	 0.184779099540728 	 1 	 2 
 Site171 	 0.996985972328404 	 1 	 2 
 Site172 	 0.999999776823597 	 1 	 2 
 Site173 	 0.999998194220154 	 1 	 2 
 Site174 	 5.37924455590078e-140 	 1 	 2 
 Site175 	 0.87391612539337 	 1 	 2 
 Site176 	 0.900357173702065 	 1 	 2 
 Site177 	 0.996564001076527 	 1 	 2 
 Site178 	 1.25657432369349e-34 	 1 	 2 
 Site179 	 0.226175666378434 	 1 	 2 
 Site180 	 0.692952377702177 	 1 	 2 
 Site181 	 7.73488569183022e-64 	 1 	 2 
 Site182 	 0.999999977505436 	 1 	 2 
 Site183 	 0.641692548719814 	 1 	 2 
 Site184 	 0.499026766044776 	 1 	 2 
 Site185 	 0.999935394295552 	 1 	 2 
 Site186 	 0.999999999041369 	 1 	 2 
 Site187 	 0.760151011747628 	 1 	 2 
 Site188 	 2.42133538574892e-65 	 1 	 2 
 Site189 	 0.999884279361919 	 1 	 2 
 Site190 	 0.242602963580957 	 1 	 2 
 Site191 	 0.999826227377552 	 1 	 2 
 Site192 	 0.999999998439265 	 1 	 2 
 Site193 	 0.827908659460414 	 1 	 2 
 Site194 	 0.999998373649582 	 1 	 2 
 Site195 	 0.999999847601045 	 1 	 2 
 Site196 	 1 	 1 	 2 
 Site197 	 3.28507106157586e-76 	 1 	 2 
 Site198 	 0.995635991897882 	 1 	 2 
 Site199 	 0.999988111045367 	 1 	 2 
 Site200 	 1 	 1 	 2 
 Site201 	 1 	 1 	 2 
 Site202 	 8.94624152608616e-73 	 1 	 2 
 Site203 	 0.0647404483060916 	 1 	 2 
 Site204 	 0.510333489173385 	 1 	 2 
 Site205 	 0.162546026174304 	 1 	 2 
 Site206 	 0.484719045349407 	 1 	 2 
 Site207 	 1.51434093956895e-147 	 1 	 2 
 Site208 	 1 	 1 	 2 
 Site209 	 1.09880276593598e-45 	 1 	 2 
 Site210 	 0.724612978638762 	 1 	 2 
 Site211 	 0.999613326692196 	 1 	 2 
 Site212 	 8.35712410324432e-47 	 1 	 2 
 Site213 	 0.963913662948287 	 1 	 2 
 Site214 	 0.998786572913209 	 1 	 2 
 Site215 	 0.999999999729717 	 1 	 2 
 Site216 	 1.02755069164682e-65 	 1 	 2 
 Site217 	 0.887511401397593 	 1 	 2 
 Site218 	 2.08407247149611e-68 	 1 	 2 
 Site219 	 0.999999749140354 	 1 	 2 
 Site220 	 0.999800722693564 	 1 	 2 
 Site221 	 0.000550835683536025 	 1 	 2 
 Site222 	 0.999999982648478 	 1 	 2 
 Site223 	 0.999999123928407 	 1 	 2 
 Site224 	 1 	 1 	 2 
 Site225 	 0.999999896191396 	 1 	 2 
 Site226 	 0.999991056043697 	 1 	 2 
 Site227 	 0.999999852869297 	 1 	 2 
 Site228 	 0.954120648147054 	 1 	 2 
 Site229 	 1 	 1 	 2 
 Site230 	 2.57832175433887e-07 	 1 	 2 
 Site231 	 0.992427251390168 	 1 	 2 
 Site232 	 0.0121585759515413 	 1 	 2 
 Site233 	 1 	 1 	 2 
 Site234 	 0.953406633691389 	 1 	 2 
 Site235 	 0.62056838631784 	 1 	 2 
 Site236 	 0.620325823973462 	 1 	 2 
 Site237 	 0.444752048489143 	 1 	 2 
 Site238 	 0.999996677808925 	 1 	 2 
 Site239 	 1 	 1 	 2 
 Site240 	 0.643498260755461 	 1 	 2 
 Site241 	 0.313444951783335 	 1 	 2 
 Site242 	 0.992312089526083 	 1 	 2 
 Site243 	 1 	 1 	 2 
 Site244 	 0.996118672210227 	 1 	 2 
 Site245 	 1 	 1 	 2 
 Site246 	 0.161059910641425 	 1 	 2 
 Site247 	 0.999999982708252 	 1 	 2 
 Site248 	 0.125579280104108 	 1 	 2 
 Site249 	 0.644313829910718 	 1 	 2 
 Site250 	 0.887844996154254 	 1 	 2 
 Site251 	 0.999967136044816 	 1 	 2 
 Site252 	 0.999999980486683 	 1 	 2 
 Site253 	 0.105057003479601 	 1 	 2 
 Site254 	 1.56301872925592e-06 	 1 	 2 
 Site255 	 0.999998362019387 	 1 	 2 
 Site256 	 1.98405652260367e-25 	 1 	 2 
 Site257 	 0.99999667040838 	 1 	 2 
 Site258 	 0.996948105050928 	 1 	 2 
 Site259 	 0.0409865878734156 	 1 	 2 
 Site260 	 0.999999999634157 	 1 	 2 
 Site261 	 1 	 1 	 2 
 Site262 	 1 	 1 	 2 
 Site263 	 0.999999990912616 	 1 	 2 
 Site264 	 0.999999992678366 	 1 	 2 
 Site265 	 0.99999999140317 	 1 	 2 
 Site266 	 0.995966032760615 	 1 	 2 
 Site267 	 0.19018776301313 	 1 	 2 
 Site268 	 0.999999981930299 	 1 	 2 
 Site269 	 0.976462779838982 	 1 	 2 
 Site270 	 0.999998301300751 	 1 	 2 
 Site271 	 0.999999749140354 	 1 	 2 
 Site272 	 0.148811606150904 	 1 	 2 
 Site273 	 0.999996733533231 	 1 	 2 
 Site274 	 0.999999991083266 	 1 	 2 
 Site275 	 0.232872637216686 	 1 	 2 
 Site276 	 0.0416869252037248 	 1 	 2 
 Site277 	 0.414238180152235 	 1 	 2 
 Site278 	 4.15602484840953e-15 	 1 	 2 
 Site279 	 1.14304549998404e-62 	 1 	 2 
 Site280 	 1 	 1 	 2 
 Site281 	 0.999365104738864 	 1 	 2 
 Site282 	 1 	 1 	 2 
 Site283 	 0.969794362721647 	 1 	 2 
 Site284 	 1.49346619395662e-64 	 1 	 2 
 Site285 	 0.731284396074045 	 1 	 2 
 Site286 	 0.822635089413487 	 1 	 2 
 Site287 	 1 	 1 	 2 
 Site288 	 0.979165186715026 	 1 	 2 
 Site289 	 0.841350421608465 	 1 	 2 
 Site290 	 0.841350421608465 	 1 	 2 
 Site291 	 0.291307317208299 	 1 	 2 
 Site292 	 0.999916035053537 	 1 	 2 
 Site293 	 0.999956095323763 	 1 	 2 
 Site294 	 0.99999799392618 	 1 	 2 
 Site295 	 0.99999989020521 	 1 	 2 
 Site296 	 0.999999999059388 	 1 	 2 
 Site297 	 0.999785991983609 	 1 	 2 
 Site298 	 1 	 1 	 2 
 Site299 	 0.877671878494326 	 1 	 2 
 Site300 	 1.03732955266815e-35 	 1 	 2 
 Site301 	 0.954139093116983 	 1 	 2 
 Site302 	 0.9999773161343 	 1 	 2 
 Site303 	 0.997315171252632 	 1 	 2 
 Site304 	 1.35930024713391e-57 	 1 	 2 
 Site305 	 1.41048391360681e-07 	 1 	 2 
 Site306 	 0.999745734566821 	 1 	 2 
 Site307 	 0.9999939988038 	 1 	 2 
 Site308 	 1 	 1 	 2 
 Site309 	 0.0326762707358933 	 1 	 2 
 Site310 	 0.999999839599388 	 1 	 2 
 Site311 	 1 	 1 	 2 
 Site312 	 0.903342793649889 	 1 	 2 
 Site313 	 0.999999749140354 	 1 	 2 
 Site314 	 1 	 1 	 2 
 Site315 	 5.1146648355974e-39 	 1 	 2 
 Site316 	 0.966733477906775 	 1 	 2 
 Site317 	 1 	 1 	 2 
 Site318 	 1 	 1 	 2 
 Site319 	 0.16100692552409 	 1 	 2 
 Site320 	 0.000115345293469821 	 1 	 2 
 Site321 	 1 	 1 	 2 
 Site322 	 0.0949511520209493 	 1 	 2 
 Site323 	 0.324251534951651 	 1 	 2 
 Site324 	 4.77267413882644e-321 	 1 	 2 
 Site325 	 0.266375744977432 	 1 	 2 
 Site326 	 0.999999749140354 	 1 	 2 
 Site327 	 0.351182315995492 	 1 	 2 
 Site328 	 0.999999898253451 	 1 	 2 
 Site329 	 0.999997364081929 	 1 	 2 
 Site330 	 0.999999912193945 	 1 	 2 
 Site331 	 0.486251753678521 	 1 	 2 
 Site332 	 0.941571778896082 	 1 	 2 
 Site333 	 1 	 1 	 2 
 Site334 	 0.138033923907457 	 1 	 2 
 Site335 	 0.97055875076287 	 1 	 2 
 Site336 	 0.703636707540897 	 1 	 2 
 Site337 	 0.999999818319397 	 1 	 2 
 Site338 	 3.27489084957756e-22 	 1 	 2 
 Site339 	 0.997810369090688 	 1 	 2 
 Site340 	 0.075678920944787 	 1 	 2 
 Site341 	 0.992251251566157 	 1 	 2 
 Site342 	 0.286606024577795 	 1 	 2 
 Site343 	 0.999999977813434 	 1 	 2 
 Site344 	 0.999996615596691 	 1 	 2 
 Site345 	 2.91602472609389e-22 	 1 	 2 
 Site346 	 0.976850452462923 	 1 	 2 
 Site347 	 0.999996615596691 	 1 	 2 
 Site348 	 0.680240542011476 	 1 	 2 
 Site349 	 1 	 1 	 2 
 Site350 	 5.78924696734758e-45 	 1 	 2 
 Site351 	 0.73346192665768 	 1 	 2 
 Site352 	 0.252238841783947 	 1 	 2 
 Site353 	 7.02988839591413e-35 	 1 	 2 
 Site354 	 0.998159826408274 	 1 	 2 
 Site355 	 9.930622357861e-134 	 1 	 2 
 Site356 	 0.2320974358995 	 1 	 2 
 Site357 	 0.785786809905849 	 1 	 2 
 Site358 	 0.998396366326544 	 1 	 2 
 Site359 	 0.469219643861045 	 1 	 2 
 Site360 	 1 	 1 	 2 
 Site361 	 0.99999986829048 	 1 	 2 
 Site362 	 0.999999983584112 	 1 	 2 
 Site363 	 0.998864178483374 	 1 	 2 
 Site364 	 0.406967983548297 	 1 	 2 
 Site365 	 0.996108087042227 	 1 	 2 
 Site366 	 0.86971508872929 	 1 	 2 
 Site367 	 0.99979851432393 	 1 	 2 
 Site368 	 0.999999950892237 	 1 	 2 
 Site369 	 0.927252107346904 	 1 	 2 
 Site370 	 0.287630075120941 	 1 	 2 
 Site371 	 1 	 1 	 2 
 Site372 	 1 	 1 	 2 
 Site373 	 1.25208241993066e-06 	 1 	 2 
 Site374 	 1.91691759360137e-137 	 1 	 2 
 Site375 	 0.0306537239142508 	 1 	 2 
 Site376 	 1 	 1 	 2 
 Site377 	 1 	 1 	 2 
 Site378 	 0.784128605659578 	 1 	 2 
 Site379 	 1.97018456938936e-52 	 1 	 2 
 Site380 	 0.480922195296934 	 1 	 2 
 Site381 	 0.887396917714551 	 1 	 2 
 Site382 	 0.999999989030586 	 1 	 2 
 Site383 	 0.54498248752354 	 1 	 2 
 Site384 	 0.999999947618269 	 1 	 2 
 Site385 	 0.99999847595382 	 1 	 2 
 Site386 	 0.999998571303453 	 1 	 2 
 Site387 	 0.999999882126241 	 1 	 2 
 Site388 	 0.999999983196428 	 1 	 2 
 Site389 	 1 	 1 	 2 
 Site390 	 0.999999999875571 	 1 	 2 
 Site391 	 1 	 1 	 2 
 Site392 	 0.999998317374965 	 1 	 2 
 Site393 	 1 	 1 	 2 
 Site394 	 0.482719593897689 	 1 	 2 
 Site395 	 0.999995528215077 	 1 	 2 
 Site396 	 1 	 1 	 2 
 Site397 	 0.99999999999642 	 1 	 2 
 Site398 	 0.343410361596586 	 1 	 2 
 Site399 	 8.79687556963109e-07 	 1 	 2 
 Site400 	 0.946600167644503 	 1 	 2 
 Site401 	 1 	 1 	 2 
 Site402 	 0.960710218835422 	 1 	 2 
 Site403 	 7.97958142883769e-32 	 1 	 2 
 Site404 	 5.59885866755047e-72 	 1 	 2 
 Site405 	 0.999999996885503 	 1 	 2 
 Site406 	 0.317567022637387 	 1 	 2 
 Site407 	 0.999565195699567 	 1 	 2 
 Site408 	 1.81858954715788e-168 	 1 	 2 
 Site409 	 0.999999989809839 	 1 	 2 
 Site410 	 0.999999999805156 	 1 	 2 
 Site411 	 1 	 1 	 2 
 Site412 	 1 	 1 	 2 
 Site413 	 1 	 1 	 2 
 Site414 	 1 	 1 	 2 
 Site415 	 1 	 1 	 2 
 Site416 	 1 	 1 	 2 
 Site417 	 1 	 1 	 2 
 Site418 	 1 	 1 	 2 
 Site419 	 1 	 1 	 2 
 Site420 	 1 	 1 	 2 
 Site421 	 1 	 1 	 2 
 Site422 	 1 	 1 	 2 
 Site423 	 1 	 1 	 2 
 Site424 	 1 	 1 	 2 
 Site425 	 1 	 1 	 2 
 Site426 	 1 	 1 	 2 
 Site427 	 1 	 1 	 2 
 Site428 	 1 	 1 	 2 
 Site429 	 1 	 1 	 2 
 Site430 	 1 	 1 	 2 
 Site431 	 1 	 1 	 2 
 Site432 	 1 	 1 	 2 
 Site433 	 1 	 1 	 2 
 Site434 	 1 	 1 	 2 
 Site435 	 3.96596948686202e-262 	 1 	 2 
 Site436 	 4.8283638253437e-267 	 1 	 2 
 Site437 	 2.20713650638964e-268 	 1 	 2 
 Site438 	 2.2023363086929e-268 	 1 	 2 
 Site439 	 4.83203161023609e-257 	 1 	 2 
 Site440 	 1.11289864002615e-264 	 1 	 2 
 Site441 	 1.1145886788276e-264 	 1 	 2 
 Site442 	 3.26674283410921e-258 	 1 	 2 
 Site443 	 1.1779348364775e-260 	 1 	 2 
 Site444 	 6.70757314978527e-256 	 1 	 2 
 Site445 	 2.36823927295014e-258 	 1 	 2 
 Site446 	 6.99928526735566e-243 	 1 	 2 
 Site447 	 4.76909362443811e-242 	 1 	 2 
 Site448 	 1.38926551013355e-236 	 1 	 2 
 Site449 	 3.85403128956668e-233 	 1 	 2 
 Site450 	 2.08623647058155e-235 	 1 	 2 
 Site451 	 1.38613743820159e-236 	 1 	 2 
 Site452 	 1.7541000383812e-232 	 1 	 2 
 Site453 	 1.7536891389675e-232 	 1 	 2 
 Site454 	 1.08343991092538e-233 	 1 	 2 
 Site455 	 3.00138787146446e-236 	 1 	 2 
 Site456 	 4.69079298266979e-229 	 1 	 2 
 Site457 	 3.1387191526118e-216 	 1 	 2 
 Site458 	 2.20368507963152e-217 	 1 	 2 
 Site459 	 1.526620173302e-210 	 1 	 2 
 Site460 	 1.78632963151757e-209 	 1 	 2 
 Site461 	 1.56789989053005e-210 	 1 	 2 
 Site462 	 6.1312831930383e-213 	 1 	 2 
 Site463 	 4.03101166908359e-206 	 1 	 2 
 Site464 	 6.16163015870801e-211 	 1 	 2 
 Site465 	 6.18651276855643e-211 	 1 	 2 
 Site466 	 1.75771529844412e-206 	 1 	 2 
 Site467 	 1.15844623415104e-204 	 1 	 2 
 Site468 	 8.68739426173018e-191 	 1 	 2 
 Site469 	 4.05484022739363e-195 	 1 	 2 
 Site470 	 3.69146665712207e-193 	 1 	 2 
 Site471 	 4.19576905198376e-182 	 1 	 2 
 Site472 	 1.05890415129486e-173 	 1 	 2 
 Site473 	 6.70884119592927e-161 	 1 	 2 
 Site474 	 4.31718354917778e-157 	 1 	 2 
 Site475 	 1.84882324661827e-134 	 1 	 2 
 Site476 	 2.1730203411819e-120 	 1 	 2 
 Site477 	 3.00781629402324e-119 	 1 	 2 
 Site478 	 3.64755271449584e-115 	 1 	 2 
 Site479 	 6.90780621092597e-118 	 1 	 2 
 Site480 	 7.45532071010498e-116 	 1 	 2 
 Site481 	 6.51134823904348e-118 	 1 	 2 
 Site482 	 9.03030670092304e-113 	 1 	 2 
 Site483 	 9.07562183276101e-113 	 1 	 2 
 Site484 	 7.6507228168279e-110 	 1 	 2 
 Site485 	 2.99391737783454e-106 	 1 	 2 
 Site486 	 6.16567814572078e-101 	 1 	 2 
 Site487 	 4.36715679804566e-66 	 1 	 2 
 Site488 	 8.85329181780575e-69 	 1 	 2 
 Site489 	 1.53214190878303e-65 	 1 	 2 
 Site490 	 1.99027275088376e-61 	 1 	 2 
 Site491 	 3.0883990832574e-23 	 1 	 2 
 Site492 	 2.68438049497228e-24 	 1 	 2 
 Site493 	 2.29741437664367e-25 	 1 	 2 
 Site494 	 9.86017290701759e-23 	 1 	 2 
 Site495 	 2.46017972639335e-19 	 1 	 2 
 Site496 	 1.46245521629334e-21 	 1 	 2 
 Site497 	 5.02451163934666e-24 	 1 	 2 
 Site498 	 6.79010588247019e-19 	 1 	 2 
 Site499 	 1.8420288875602e-20 	 1 	 2 
 Site500 	 5.6575693767172e-19 	 1 	 2 
 Site501 	 2.91045563371823e-18 	 1 	 2 
 Site502 	 3.5675845316443e-20 	 1 	 2 
 Site503 	 6.07599211068834e-18 	 1 	 2 
 Site504 	 5.54444495610063e-19 	 1 	 2 
 Site505 	 3.0985879570646e-16 	 1 	 2 
 Site506 	 6.37567566638391e-15 	 1 	 2 
 Site507 	 1.55200916888022e-16 	 1 	 2 
 Site508 	 2.31390987133115e-11 	 1 	 2 
 Site509 	 1.28685144898273e-10 	 1 	 2 
"
