"resultMC"
"1" "Site Number	P-Value for Pairwise Comparison	Group 1 in Comparison	Group 2 in Comparison
 Site1 	 1 	 1 	 2 
 Site2 	 1 	 1 	 2 
 Site3 	 3.74407920602387e-07 	 1 	 2 
 Site4 	 1 	 1 	 2 
 Site5 	 0.00339859762915 	 1 	 2 
 Site6 	 1 	 1 	 2 
 Site7 	 7.22889467390943e-223 	 1 	 2 
 Site8 	 1.31777947446386e-78 	 1 	 2 
 Site9 	 2.0298330413383e-07 	 1 	 2 
 Site10 	 2.49366959467204e-09 	 1 	 2 
 Site11 	 0.378274093329644 	 1 	 2 
 Site12 	 1 	 1 	 2 
 Site13 	 0.00272416803612077 	 1 	 2 
 Site14 	 1.8396871006179e-06 	 1 	 2 
 Site15 	 1 	 1 	 2 
 Site16 	 1.87655986931145e-12 	 1 	 2 
 Site17 	 0.00180161362156053 	 1 	 2 
 Site18 	 4.09634530854005e-149 	 1 	 2 
 Site19 	 4.60479927634663e-122 	 1 	 2 
 Site20 	 1.47381786427552e-07 	 1 	 2 
 Site21 	 1.76120938254983e-07 	 1 	 2 
 Site22 	 1.03662165267528e-07 	 1 	 2 
 Site23 	 1 	 1 	 2 
 Site24 	 1.02549681710203e-06 	 1 	 2 
 Site25 	 2.53943291295815e-07 	 1 	 2 
 Site26 	 0.132620956045871 	 1 	 2 
 Site27 	 1 	 1 	 2 
 Site28 	 1 	 1 	 2 
 Site29 	 4.58561891191478e-88 	 1 	 2 
 Site30 	 0.000265159309213225 	 1 	 2 
 Site31 	 1 	 1 	 2 
 Site32 	 0.159328052539247 	 1 	 2 
 Site33 	 1 	 1 	 2 
 Site34 	 1.95199208046434e-05 	 1 	 2 
 Site35 	 1.17067348154051e-78 	 1 	 2 
 Site36 	 1 	 1 	 2 
 Site37 	 6.37110515082602e-312 	 1 	 2 
 Site38 	 1.17319311448475e-07 	 1 	 2 
 Site39 	 0.52015414771034 	 1 	 2 
 Site40 	 2.34307137253575e-10 	 1 	 2 
 Site41 	 1.218142022376e-85 	 1 	 2 
 Site42 	 0.135872903784327 	 1 	 2 
 Site43 	 1 	 1 	 2 
 Site44 	 1 	 1 	 2 
 Site45 	 1 	 1 	 2 
 Site46 	 1 	 1 	 2 
 Site47 	 1 	 1 	 2 
 Site48 	 1 	 1 	 2 
 Site49 	 5.14193194671142e-48 	 1 	 2 
 Site50 	 6.60666765740458e-121 	 1 	 2 
 Site51 	 1 	 1 	 2 
 Site52 	 1 	 1 	 2 
 Site53 	 1 	 1 	 2 
 Site54 	 0.167707754736469 	 1 	 2 
 Site55 	 1 	 1 	 2 
 Site56 	 1 	 1 	 2 
 Site57 	 0.913438325798995 	 1 	 2 
 Site58 	 1 	 1 	 2 
 Site59 	 1.87908313371447e-192 	 1 	 2 
 Site60 	 0.000209702705974084 	 1 	 2 
 Site61 	 1 	 1 	 2 
 Site62 	 1 	 1 	 2 
 Site63 	 1.12562678157052e-40 	 1 	 2 
 Site64 	 1 	 1 	 2 
 Site65 	 1 	 1 	 2 
 Site66 	 1 	 1 	 2 
 Site67 	 1 	 1 	 2 
 Site68 	 1 	 1 	 2 
 Site69 	 1 	 1 	 2 
 Site70 	 1.01495323408468e-08 	 1 	 2 
 Site71 	 1 	 1 	 2 
 Site72 	 1 	 1 	 2 
 Site73 	 1.97844122476434e-67 	 1 	 2 
 Site74 	 0.152933476600684 	 1 	 2 
 Site75 	 0.690541834089945 	 1 	 2 
 Site76 	 5.67656107953153e-78 	 1 	 2 
 Site77 	 1 	 1 	 2 
 Site78 	 0.0108739326837833 	 1 	 2 
 Site79 	 0.0649528310864315 	 1 	 2 
 Site80 	 5.54362558343903e-129 	 1 	 2 
 Site81 	 1 	 1 	 2 
 Site82 	 1 	 1 	 2 
 Site83 	 1 	 1 	 2 
 Site84 	 1 	 1 	 2 
 Site85 	 1 	 1 	 2 
 Site86 	 1 	 1 	 2 
 Site87 	 2.1674703849807e-11 	 1 	 2 
 Site88 	 1 	 1 	 2 
 Site89 	 1 	 1 	 2 
 Site90 	 1 	 1 	 2 
 Site91 	 9.42635740688599e-50 	 1 	 2 
 Site92 	 0.790766418985857 	 1 	 2 
 Site93 	 1.48219693752374e-323 	 1 	 2 
 Site94 	 1 	 1 	 2 
 Site95 	 1 	 1 	 2 
 Site96 	 1 	 1 	 2 
 Site97 	 1 	 1 	 2 
 Site98 	 0.855236418115042 	 1 	 2 
 Site99 	 0.0375814829820516 	 1 	 2 
 Site100 	 0.690543633766332 	 1 	 2 
 Site101 	 0.811844069684183 	 1 	 2 
 Site102 	 0.0108740113552593 	 1 	 2 
 Site103 	 2.64841064486754e-28 	 1 	 2 
 Site104 	 0.478349510770239 	 1 	 2 
 Site105 	 3.85871309473713e-05 	 1 	 2 
 Site106 	 0.227915411113354 	 1 	 2 
 Site107 	 5.8676863993864e-60 	 1 	 2 
 Site108 	 1.03344036004003e-13 	 1 	 2 
 Site109 	 0.10197363015678 	 1 	 2 
 Site110 	 0.925367799638647 	 1 	 2 
 Site111 	 0.16215483227838 	 1 	 2 
 Site112 	 2.18008185249692e-125 	 1 	 2 
 Site113 	 1.69892385978116e-273 	 1 	 2 
 Site114 	 1 	 1 	 2 
 Site115 	 0.00184718707356026 	 1 	 2 
 Site116 	 0.467662319919844 	 1 	 2 
 Site117 	 0.0537037413115453 	 1 	 2 
 Site118 	 4.38938463983548e-82 	 1 	 2 
 Site119 	 0.624456408089336 	 1 	 2 
 Site120 	 1 	 1 	 2 
 Site121 	 0.804369353643522 	 1 	 2 
 Site122 	 1 	 1 	 2 
 Site123 	 1 	 1 	 2 
 Site124 	 2.63415209053006e-150 	 1 	 2 
 Site125 	 1 	 1 	 2 
 Site126 	 1 	 1 	 2 
 Site127 	 6.62959619455615e-07 	 1 	 2 
 Site128 	 1 	 1 	 2 
 Site129 	 1 	 1 	 2 
 Site130 	 1 	 1 	 2 
 Site131 	 5.36376406380095e-81 	 1 	 2 
 Site132 	 1 	 1 	 2 
 Site133 	 0.000219929310089726 	 1 	 2 
 Site134 	 0.0671296684626985 	 1 	 2 
 Site135 	 1 	 1 	 2 
 Site136 	 2.87584902526476e-140 	 1 	 2 
 Site137 	 0.949539926397676 	 1 	 2 
 Site138 	 1 	 1 	 2 
 Site139 	 3.41144839782806e-92 	 1 	 2 
 Site140 	 1 	 1 	 2 
 Site141 	 1.01230029785037e-189 	 1 	 2 
 Site142 	 1 	 1 	 2 
 Site143 	 5.7025900735952e-90 	 1 	 2 
 Site144 	 0.970856734639953 	 1 	 2 
 Site145 	 1 	 1 	 2 
 Site146 	 1 	 1 	 2 
 Site147 	 1 	 1 	 2 
 Site148 	 8.47002808738239e-147 	 1 	 2 
 Site149 	 1 	 1 	 2 
 Site150 	 5.08285064558466e-299 	 1 	 2 
 Site151 	 1 	 1 	 2 
 Site152 	 2.97835199272675e-34 	 1 	 2 
 Site153 	 1 	 1 	 2 
 Site154 	 1 	 1 	 2 
 Site155 	 2.3175259876396e-22 	 1 	 2 
 Site156 	 0.0249560500055653 	 1 	 2 
 Site157 	 1 	 1 	 2 
 Site158 	 1 	 1 	 2 
 Site159 	 1 	 1 	 2 
 Site160 	 1 	 1 	 2 
 Site161 	 1 	 1 	 2 
 Site162 	 9.14552597356897e-130 	 1 	 2 
 Site163 	 1 	 1 	 2 
 Site164 	 1 	 1 	 2 
 Site165 	 1 	 1 	 2 
 Site166 	 1 	 1 	 2 
 Site167 	 1 	 1 	 2 
 Site168 	 1 	 1 	 2 
 Site169 	 1 	 1 	 2 
 Site170 	 1 	 1 	 2 
 Site171 	 1 	 1 	 2 
 Site172 	 4.76179902355642e-07 	 1 	 2 
 Site173 	 0.00345190165755624 	 1 	 2 
 Site174 	 1 	 1 	 2 
 Site175 	 2.05310371885392e-152 	 1 	 2 
 Site176 	 1.73168192932718e-159 	 1 	 2 
 Site177 	 1 	 1 	 2 
 Site178 	 1 	 1 	 2 
 Site179 	 1 	 1 	 2 
 Site180 	 1 	 1 	 2 
 Site181 	 1 	 1 	 2 
 Site182 	 1.16661108166143e-10 	 1 	 2 
 Site183 	 1 	 1 	 2 
 Site184 	 1 	 1 	 2 
 Site185 	 0.00371077882902909 	 1 	 2 
 Site186 	 4.13358991632269e-06 	 1 	 2 
 Site187 	 1 	 1 	 2 
 Site188 	 4.10446084804483e-292 	 1 	 2 
 Site189 	 2.55254181544223e-44 	 1 	 2 
 Site190 	 1.78346968757151e-201 	 1 	 2 
 Site191 	 2.30797952935298e-159 	 1 	 2 
 Site192 	 0.976883629890896 	 1 	 2 
 Site193 	 1 	 1 	 2 
 Site194 	 9.00730599631185e-08 	 1 	 2 
 Site195 	 1.61799796272664e-06 	 1 	 2 
 Site196 	 1 	 1 	 2 
 Site197 	 8.84427346447041e-05 	 1 	 2 
 Site198 	 1.24591039545455e-130 	 1 	 2 
 Site199 	 1 	 1 	 2 
 Site200 	 1 	 1 	 2 
 Site201 	 1 	 1 	 2 
 Site202 	 1 	 1 	 2 
 Site203 	 1 	 1 	 2 
 Site204 	 1 	 1 	 2 
 Site205 	 1 	 1 	 2 
 Site206 	 1 	 1 	 2 
 Site207 	 1.75157500828868e-132 	 1 	 2 
 Site208 	 1 	 1 	 2 
 Site209 	 1 	 1 	 2 
 Site210 	 1 	 1 	 2 
 Site211 	 1.67721020739883e-165 	 1 	 2 
 Site212 	 1 	 1 	 2 
 Site213 	 1 	 1 	 2 
 Site214 	 1.70052866002301e-47 	 1 	 2 
 Site215 	 0.0487558621096454 	 1 	 2 
 Site216 	 3.4523198770454e-06 	 1 	 2 
 Site217 	 1.9276232149609e-167 	 1 	 2 
 Site218 	 1 	 1 	 2 
 Site219 	 0.0260712808036152 	 1 	 2 
 Site220 	 0.00408136740953477 	 1 	 2 
 Site221 	 1 	 1 	 2 
 Site222 	 0.00421347341868696 	 1 	 2 
 Site223 	 0.00165942462171607 	 1 	 2 
 Site224 	 1 	 1 	 2 
 Site225 	 0.0244023193152159 	 1 	 2 
 Site226 	 1.83424771352779e-05 	 1 	 2 
 Site227 	 4.9490860426414e-06 	 1 	 2 
 Site228 	 3.97066023605594e-224 	 1 	 2 
 Site229 	 4.49830742581056e-73 	 1 	 2 
 Site230 	 1 	 1 	 2 
 Site231 	 1 	 1 	 2 
 Site232 	 3.53430666091946e-265 	 1 	 2 
 Site233 	 6.96474672290087e-15 	 1 	 2 
 Site234 	 1 	 1 	 2 
 Site235 	 1 	 1 	 2 
 Site236 	 1 	 1 	 2 
 Site237 	 1 	 1 	 2 
 Site238 	 0.946586562418778 	 1 	 2 
 Site239 	 1 	 1 	 2 
 Site240 	 1 	 1 	 2 
 Site241 	 1 	 1 	 2 
 Site242 	 8.40421900165928e-106 	 1 	 2 
 Site243 	 1 	 1 	 2 
 Site244 	 2.50748711269909e-25 	 1 	 2 
 Site245 	 1 	 1 	 2 
 Site246 	 1 	 1 	 2 
 Site247 	 3.21419601118096e-34 	 1 	 2 
 Site248 	 1 	 1 	 2 
 Site249 	 1 	 1 	 2 
 Site250 	 4.53220668104477e-310 	 1 	 2 
 Site251 	 0.902359733933466 	 1 	 2 
 Site252 	 0.993731625673827 	 1 	 2 
 Site253 	 1 	 1 	 2 
 Site254 	 5.8567096316506e-35 	 1 	 2 
 Site255 	 0.015220917309153 	 1 	 2 
 Site256 	 1 	 1 	 2 
 Site257 	 0.954276978733634 	 1 	 2 
 Site258 	 2.02714241521047e-105 	 1 	 2 
 Site259 	 1 	 1 	 2 
 Site260 	 0.415648074598572 	 1 	 2 
 Site261 	 0.935649751553066 	 1 	 2 
 Site262 	 0.000329356914559271 	 1 	 2 
 Site263 	 7.89608003704089e-09 	 1 	 2 
 Site264 	 1.44401957070042e-06 	 1 	 2 
 Site265 	 0.00261027298925902 	 1 	 2 
 Site266 	 1 	 1 	 2 
 Site267 	 1 	 1 	 2 
 Site268 	 1.39882927976373e-35 	 1 	 2 
 Site269 	 1 	 1 	 2 
 Site270 	 0.176475679386153 	 1 	 2 
 Site271 	 0.0260712808036152 	 1 	 2 
 Site272 	 1 	 1 	 2 
 Site273 	 2.14127534287087e-07 	 1 	 2 
 Site274 	 0.727334798208153 	 1 	 2 
 Site275 	 1 	 1 	 2 
 Site276 	 1 	 1 	 2 
 Site277 	 1 	 1 	 2 
 Site278 	 1 	 1 	 2 
 Site279 	 1 	 1 	 2 
 Site280 	 6.4807282271555e-33 	 1 	 2 
 Site281 	 6.27534394595657e-312 	 1 	 2 
 Site282 	 1.10042819630761e-81 	 1 	 2 
 Site283 	 1 	 1 	 2 
 Site284 	 1 	 1 	 2 
 Site285 	 1 	 1 	 2 
 Site286 	 4.01223971772234e-259 	 1 	 2 
 Site287 	 1 	 1 	 2 
 Site288 	 0.000850596010617597 	 1 	 2 
 Site289 	 0.000169593817219725 	 1 	 2 
 Site290 	 0.000169593817219725 	 1 	 2 
 Site291 	 1 	 1 	 2 
 Site292 	 0.0056758982544327 	 1 	 2 
 Site293 	 0.885704103141395 	 1 	 2 
 Site294 	 0.00323507148365479 	 1 	 2 
 Site295 	 0.00393868039469289 	 1 	 2 
 Site296 	 2.46614626287632e-11 	 1 	 2 
 Site297 	 2.48179020540194e-24 	 1 	 2 
 Site298 	 7.76250595061009e-116 	 1 	 2 
 Site299 	 1.20078322773291e-119 	 1 	 2 
 Site300 	 2.43292299150804e-08 	 1 	 2 
 Site301 	 6.62001010533861e-108 	 1 	 2 
 Site302 	 3.85947292406106e-06 	 1 	 2 
 Site303 	 0.00104662550504312 	 1 	 2 
 Site304 	 1 	 1 	 2 
 Site305 	 3.43426318635289e-34 	 1 	 2 
 Site306 	 0.0274205581853504 	 1 	 2 
 Site307 	 0.956771243002977 	 1 	 2 
 Site308 	 1 	 1 	 2 
 Site309 	 1 	 1 	 2 
 Site310 	 5.34715974234695e-06 	 1 	 2 
 Site311 	 1 	 1 	 2 
 Site312 	 5.48257919668738e-74 	 1 	 2 
 Site313 	 0.980945278595264 	 1 	 2 
 Site314 	 2.5494781457681e-140 	 1 	 2 
 Site315 	 1 	 1 	 2 
 Site316 	 1 	 1 	 2 
 Site317 	 1.76321440246423e-08 	 1 	 2 
 Site318 	 1 	 1 	 2 
 Site319 	 1 	 1 	 2 
 Site320 	 1 	 1 	 2 
 Site321 	 4.02794952914808e-178 	 1 	 2 
 Site322 	 1 	 1 	 2 
 Site323 	 1 	 1 	 2 
 Site324 	 8.05259349670451e-93 	 1 	 2 
 Site325 	 1 	 1 	 2 
 Site326 	 0.0260712808036152 	 1 	 2 
 Site327 	 1 	 1 	 2 
 Site328 	 0.924379139868646 	 1 	 2 
 Site329 	 0.935649751553066 	 1 	 2 
 Site330 	 0.0244023308101589 	 1 	 2 
 Site331 	 7.67304687061415e-220 	 1 	 2 
 Site332 	 4.03779194185653e-204 	 1 	 2 
 Site333 	 1 	 1 	 2 
 Site334 	 1 	 1 	 2 
 Site335 	 1 	 1 	 2 
 Site336 	 1 	 1 	 2 
 Site337 	 0.0363168309674653 	 1 	 2 
 Site338 	 1 	 1 	 2 
 Site339 	 0.00232444587256088 	 1 	 2 
 Site340 	 1 	 1 	 2 
 Site341 	 3.28364475433994e-135 	 1 	 2 
 Site342 	 1 	 1 	 2 
 Site343 	 0.000398673156724477 	 1 	 2 
 Site344 	 0.013615380240997 	 1 	 2 
 Site345 	 1.21153729201889e-14 	 1 	 2 
 Site346 	 1.6521659307974e-117 	 1 	 2 
 Site347 	 0.966122899930102 	 1 	 2 
 Site348 	 1 	 1 	 2 
 Site349 	 1 	 1 	 2 
 Site350 	 2.73890744628758e-155 	 1 	 2 
 Site351 	 1 	 1 	 2 
 Site352 	 1 	 1 	 2 
 Site353 	 1 	 1 	 2 
 Site354 	 8.17896670742519e-269 	 1 	 2 
 Site355 	 1 	 1 	 2 
 Site356 	 1 	 1 	 2 
 Site357 	 1 	 1 	 2 
 Site358 	 1.61366376379188e-226 	 1 	 2 
 Site359 	 1 	 1 	 2 
 Site360 	 1 	 1 	 2 
 Site361 	 0.980945620163747 	 1 	 2 
 Site362 	 0.0580270656789767 	 1 	 2 
 Site363 	 7.55913282492381e-27 	 1 	 2 
 Site364 	 1 	 1 	 2 
 Site365 	 2.76176564457352e-25 	 1 	 2 
 Site366 	 1.70260964765623e-275 	 1 	 2 
 Site367 	 5.81331718420155e-24 	 1 	 2 
 Site368 	 0.970102759637684 	 1 	 2 
 Site369 	 1 	 1 	 2 
 Site370 	 1.08314975915288e-41 	 1 	 2 
 Site371 	 1 	 1 	 2 
 Site372 	 1 	 1 	 2 
 Site373 	 1 	 1 	 2 
 Site374 	 1 	 1 	 2 
 Site375 	 1 	 1 	 2 
 Site376 	 1 	 1 	 2 
 Site377 	 1 	 1 	 2 
 Site378 	 1 	 1 	 2 
 Site379 	 2.97664728753378e-33 	 1 	 2 
 Site380 	 1 	 1 	 2 
 Site381 	 1 	 1 	 2 
 Site382 	 3.97877354974552e-05 	 1 	 2 
 Site383 	 1 	 1 	 2 
 Site384 	 1.83702766552391e-05 	 1 	 2 
 Site385 	 0.924039059811114 	 1 	 2 
 Site386 	 0.0122307667609842 	 1 	 2 
 Site387 	 0.146599736288186 	 1 	 2 
 Site388 	 0.986263356409189 	 1 	 2 
 Site389 	 3.42308311736099e-185 	 1 	 2 
 Site390 	 1.24860817240888e-06 	 1 	 2 
 Site391 	 4.32097416114695e-52 	 1 	 2 
 Site392 	 0.0166258513465422 	 1 	 2 
 Site393 	 2.64760491199567e-95 	 1 	 2 
 Site394 	 1 	 1 	 2 
 Site395 	 0.336379704341268 	 1 	 2 
 Site396 	 1 	 1 	 2 
 Site397 	 1.18689069035406e-84 	 1 	 2 
 Site398 	 1 	 1 	 2 
 Site399 	 1 	 1 	 2 
 Site400 	 7.81397463706012e-291 	 1 	 2 
 Site401 	 1 	 1 	 2 
 Site402 	 1 	 1 	 2 
 Site403 	 1 	 1 	 2 
 Site404 	 1 	 1 	 2 
 Site405 	 0.000137020890110886 	 1 	 2 
 Site406 	 1 	 1 	 2 
 Site407 	 1.33496915759436e-27 	 1 	 2 
 Site408 	 1 	 1 	 2 
 Site409 	 0.656492357412835 	 1 	 2 
 Site410 	 0.00312384454467497 	 1 	 2 
 Site411 	 1 	 1 	 2 
 Site412 	 1 	 1 	 2 
 Site413 	 8.90199677176127e-06 	 1 	 2 
 Site414 	 4.30528188377603e-79 	 1 	 2 
 Site415 	 1 	 1 	 2 
 Site416 	 0.00080890273369812 	 1 	 2 
 Site417 	 1 	 1 	 2 
 Site418 	 7.26096503944765e-288 	 1 	 2 
 Site419 	 6.85837017549596e-13 	 1 	 2 
 Site420 	 1 	 1 	 2 
 Site421 	 1 	 1 	 2 
 Site422 	 2.90335798566607e-18 	 1 	 2 
 Site423 	 0.529117837468206 	 1 	 2 
 Site424 	 1 	 1 	 2 
 Site425 	 5.49028065574651e-63 	 1 	 2 
 Site426 	 1 	 1 	 2 
 Site427 	 2.13427834047049e-29 	 1 	 2 
 Site428 	 1 	 1 	 2 
 Site429 	 6.52414449586981e-05 	 1 	 2 
 Site430 	 0.955328136733809 	 1 	 2 
 Site431 	 6.6486878182811e-24 	 1 	 2 
 Site432 	 0.960102457591794 	 1 	 2 
 Site433 	 7.50599602928765e-14 	 1 	 2 
 Site434 	 0.975018843422637 	 1 	 2 
 Site435 	 0.000248507709107174 	 1 	 2 
 Site436 	 8.80355190686507e-06 	 1 	 2 
 Site437 	 0.00567868140915099 	 1 	 2 
 Site438 	 0.00714893991144896 	 1 	 2 
 Site439 	 1 	 1 	 2 
 Site440 	 0.599071806822413 	 1 	 2 
 Site441 	 4.6730477608561e-06 	 1 	 2 
 Site442 	 8.23557172252614e-34 	 1 	 2 
 Site443 	 1.21819301024645e-45 	 1 	 2 
 Site444 	 1 	 1 	 2 
 Site445 	 3.17123116293366e-05 	 1 	 2 
 Site446 	 1 	 1 	 2 
 Site447 	 0.0220568283241325 	 1 	 2 
 Site448 	 9.6462075515884e-103 	 1 	 2 
 Site449 	 2.17503160098307e-201 	 1 	 2 
 Site450 	 6.71729834256591e-82 	 1 	 2 
 Site451 	 1.35524642471564e-05 	 1 	 2 
 Site452 	 0.00276088542098953 	 1 	 2 
 Site453 	 1.42784180872326e-145 	 1 	 2 
 Site454 	 0.00211257839144745 	 1 	 2 
 Site455 	 0.000627085555421283 	 1 	 2 
 Site456 	 1 	 1 	 2 
 Site457 	 4.23991588099267e-126 	 1 	 2 
 Site458 	 1 	 1 	 2 
 Site459 	 1 	 1 	 2 
 Site460 	 1 	 1 	 2 
 Site461 	 6.70231587654058e-125 	 1 	 2 
 Site462 	 1.85082566650926e-17 	 1 	 2 
 Site463 	 1 	 1 	 2 
 Site464 	 0.00886349901544399 	 1 	 2 
 Site465 	 1 	 1 	 2 
 Site466 	 0.188573906582149 	 1 	 2 
 Site467 	 0.827051006963383 	 1 	 2 
 Site468 	 1 	 1 	 2 
 Site469 	 1 	 1 	 2 
 Site470 	 1 	 1 	 2 
 Site471 	 1 	 1 	 2 
 Site472 	 4.97290607552025e-212 	 1 	 2 
 Site473 	 1 	 1 	 2 
 Site474 	 0.00503709752534189 	 1 	 2 
 Site475 	 1 	 1 	 2 
 Site476 	 1.72134608167464e-94 	 1 	 2 
 Site477 	 2.2450051525653e-123 	 1 	 2 
 Site478 	 1 	 1 	 2 
 Site479 	 0.934647933033727 	 1 	 2 
 Site480 	 1 	 1 	 2 
 Site481 	 0.955220920441717 	 1 	 2 
 Site482 	 1 	 1 	 2 
 Site483 	 0.0174388571500795 	 1 	 2 
 Site484 	 1 	 1 	 2 
 Site485 	 4.56166929087887e-49 	 1 	 2 
 Site486 	 1 	 1 	 2 
 Site487 	 1 	 1 	 2 
 Site488 	 0.00154753536965577 	 1 	 2 
 Site489 	 1 	 1 	 2 
 Site490 	 1 	 1 	 2 
 Site491 	 1 	 1 	 2 
 Site492 	 1 	 1 	 2 
 Site493 	 1 	 1 	 2 
 Site494 	 1 	 1 	 2 
 Site495 	 3.12820061242928e-115 	 1 	 2 
 Site496 	 1 	 1 	 2 
 Site497 	 1.6384434982545e-05 	 1 	 2 
 Site498 	 1 	 1 	 2 
 Site499 	 2.5304044064721e-100 	 1 	 2 
 Site500 	 1 	 1 	 2 
 Site501 	 1 	 1 	 2 
 Site502 	 1 	 1 	 2 
 Site503 	 5.43394275258142e-14 	 1 	 2 
 Site504 	 1 	 1 	 2 
 Site505 	 1 	 1 	 2 
 Site506 	 1 	 1 	 2 
 Site507 	 3.16406584004316e-07 	 1 	 2 
 Site508 	 1 	 1 	 2 
 Site509 	 0.000600718568302872 	 1 	 2 
"
