"resultMC"
"1" "Site Number	P-Value for Pairwise Comparison	Group 1 in Comparison	Group 2 in Comparison
 Site1 	 4.35731809254477e-113 	 1 	 2 
 Site2 	 3.03867983072703e-114 	 1 	 2 
 Site3 	 0.929676277199379 	 1 	 2 
 Site4 	 4.4832779244356e-110 	 1 	 2 
 Site5 	 0.810894148285251 	 1 	 2 
 Site6 	 1 	 1 	 2 
 Site7 	 1.51508628348627e-51 	 1 	 2 
 Site8 	 9.06288412412958e-14 	 1 	 2 
 Site9 	 0.978855093357081 	 1 	 2 
 Site10 	 0.994166330433262 	 1 	 2 
 Site11 	 0.999301902744457 	 1 	 2 
 Site12 	 7.44484262275029e-12 	 1 	 2 
 Site13 	 3.61826637639289e-17 	 1 	 2 
 Site14 	 0.973233805395882 	 1 	 2 
 Site15 	 1 	 1 	 2 
 Site16 	 6.06552519792728e-13 	 1 	 2 
 Site17 	 0.9996869071429 	 1 	 2 
 Site18 	 1.16835814702883e-18 	 1 	 2 
 Site19 	 3.44567414113531e-15 	 1 	 2 
 Site20 	 0.999940351154567 	 1 	 2 
 Site21 	 1 	 1 	 2 
 Site22 	 0.99355782774264 	 1 	 2 
 Site23 	 6.13139397697183e-67 	 1 	 2 
 Site24 	 0.00220912817780565 	 1 	 2 
 Site25 	 0.999903228159532 	 1 	 2 
 Site26 	 1.11839603654911e-15 	 1 	 2 
 Site27 	 1.57125793759752e-101 	 1 	 2 
 Site28 	 8.96384112506957e-13 	 1 	 2 
 Site29 	 1.52547347980708e-07 	 1 	 2 
 Site30 	 0.905248303006232 	 1 	 2 
 Site31 	 0.0137324097957289 	 1 	 2 
 Site32 	 0.840926033021803 	 1 	 2 
 Site33 	 1 	 1 	 2 
 Site34 	 0.558161114098068 	 1 	 2 
 Site35 	 1.76134095271769e-08 	 1 	 2 
 Site36 	 1 	 1 	 2 
 Site37 	 1 	 1 	 2 
 Site38 	 0.372745742101788 	 1 	 2 
 Site39 	 0.12076471979466 	 1 	 2 
 Site40 	 0.1544658727019 	 1 	 2 
 Site41 	 1.44615422832835e-09 	 1 	 2 
 Site42 	 0.19691611795969 	 1 	 2 
 Site43 	 1.26298217239695e-83 	 1 	 2 
 Site44 	 5.35451105835424e-162 	 1 	 2 
 Site45 	 1 	 1 	 2 
 Site46 	 2.28331173165273e-155 	 1 	 2 
 Site47 	 2.49353799222105e-14 	 1 	 2 
 Site48 	 2.22407121081566e-159 	 1 	 2 
 Site49 	 4.22217232946899e-07 	 1 	 2 
 Site50 	 4.55777001658501e-15 	 1 	 2 
 Site51 	 2.91050517908447e-55 	 1 	 2 
 Site52 	 1 	 1 	 2 
 Site53 	 2.13716475717011e-54 	 1 	 2 
 Site54 	 0.336127775366795 	 1 	 2 
 Site55 	 2.864288214084e-66 	 1 	 2 
 Site56 	 3.97624663636832e-95 	 1 	 2 
 Site57 	 0.559794020227706 	 1 	 2 
 Site58 	 1 	 1 	 2 
 Site59 	 5.70519627572221e-24 	 1 	 2 
 Site60 	 0.352896502076809 	 1 	 2 
 Site61 	 5.33125594545752e-89 	 1 	 2 
 Site62 	 2.94349857572925e-18 	 1 	 2 
 Site63 	 8.79303535721221e-68 	 1 	 2 
 Site64 	 7.42758924636962e-162 	 1 	 2 
 Site65 	 3.63637645683929e-121 	 1 	 2 
 Site66 	 1 	 1 	 2 
 Site67 	 1 	 1 	 2 
 Site68 	 1.18626363519901e-160 	 1 	 2 
 Site69 	 1.4772587283537e-104 	 1 	 2 
 Site70 	 0.170507088522006 	 1 	 2 
 Site71 	 1 	 1 	 2 
 Site72 	 7.11336284218036e-102 	 1 	 2 
 Site73 	 6.68390651017887e-09 	 1 	 2 
 Site74 	 0.155463570974684 	 1 	 2 
 Site75 	 0.156097271839521 	 1 	 2 
 Site76 	 0.158651343861508 	 1 	 2 
 Site77 	 1 	 1 	 2 
 Site78 	 0.136513049653205 	 1 	 2 
 Site79 	 0.133163822716185 	 1 	 2 
 Site80 	 5.69144503059354e-19 	 1 	 2 
 Site81 	 9.73503739214251e-93 	 1 	 2 
 Site82 	 3.28351215127906e-118 	 1 	 2 
 Site83 	 1 	 1 	 2 
 Site84 	 1.94562512441967e-98 	 1 	 2 
 Site85 	 5.7555803299181e-105 	 1 	 2 
 Site86 	 1 	 1 	 2 
 Site87 	 1.91689801316132e-46 	 1 	 2 
 Site88 	 1.8980681526802e-159 	 1 	 2 
 Site89 	 1 	 1 	 2 
 Site90 	 7.62408436097258e-17 	 1 	 2 
 Site91 	 1.04333014871625e-07 	 1 	 2 
 Site92 	 0.133414260201976 	 1 	 2 
 Site93 	 1.99600785423243e-45 	 1 	 2 
 Site94 	 6.27725477172661e-69 	 1 	 2 
 Site95 	 1 	 1 	 2 
 Site96 	 3.26473882324124e-106 	 1 	 2 
 Site97 	 0.000878946817212699 	 1 	 2 
 Site98 	 0.169328772287103 	 1 	 2 
 Site99 	 0.172340395514859 	 1 	 2 
 Site100 	 0.0665488321545361 	 1 	 2 
 Site101 	 0.112157021553596 	 1 	 2 
 Site102 	 0.0671367860891885 	 1 	 2 
 Site103 	 0.227794013823268 	 1 	 2 
 Site104 	 0.016575913432783 	 1 	 2 
 Site105 	 0.169930062499549 	 1 	 2 
 Site106 	 0.110838086683933 	 1 	 2 
 Site107 	 0.0995239597649578 	 1 	 2 
 Site108 	 0.165174980352368 	 1 	 2 
 Site109 	 0.0357910809149448 	 1 	 2 
 Site110 	 0.242616190516219 	 1 	 2 
 Site111 	 0.0668424065177777 	 1 	 2 
 Site112 	 9.21934083504872e-17 	 1 	 2 
 Site113 	 1.32729411933189e-36 	 1 	 2 
 Site114 	 6.42776894838306e-108 	 1 	 2 
 Site115 	 0.0153942508138601 	 1 	 2 
 Site116 	 0.11171447892608 	 1 	 2 
 Site117 	 7.0087176987565e-13 	 1 	 2 
 Site118 	 4.65014744111767e-19 	 1 	 2 
 Site119 	 3.68626670040128e-17 	 1 	 2 
 Site120 	 9.72066149708857e-154 	 1 	 2 
 Site121 	 1.68553334182031e-16 	 1 	 2 
 Site122 	 1.25798747252545e-156 	 1 	 2 
 Site123 	 1 	 1 	 2 
 Site124 	 6.8200551572023e-32 	 1 	 2 
 Site125 	 3.54495800798107e-118 	 1 	 2 
 Site126 	 6.43011282459131e-261 	 1 	 2 
 Site127 	 3.11110025509705e-16 	 1 	 2 
 Site128 	 1.14598342810399e-33 	 1 	 2 
 Site129 	 2.24732408655973e-136 	 1 	 2 
 Site130 	 3.00863579565875e-128 	 1 	 2 
 Site131 	 2.40087017819486e-180 	 1 	 2 
 Site132 	 1 	 1 	 2 
 Site133 	 5.44606738216624e-51 	 1 	 2 
 Site134 	 2.17176302430779e-32 	 1 	 2 
 Site135 	 4.79808469520929e-133 	 1 	 2 
 Site136 	 9.78742241537043e-52 	 1 	 2 
 Site137 	 1.14891432626541e-40 	 1 	 2 
 Site138 	 6.02087043166603e-188 	 1 	 2 
 Site139 	 5.24592976595847e-47 	 1 	 2 
 Site140 	 2.22954879605262e-189 	 1 	 2 
 Site141 	 5.13418339441269e-81 	 1 	 2 
 Site142 	 3.36488990458428e-168 	 1 	 2 
 Site143 	 1.2896962449929e-62 	 1 	 2 
 Site144 	 4.19359924256781e-34 	 1 	 2 
 Site145 	 9.81695877138623e-114 	 1 	 2 
 Site146 	 1 	 1 	 2 
 Site147 	 1.60090703864949e-105 	 1 	 2 
 Site148 	 1 	 1 	 2 
 Site149 	 1 	 1 	 2 
 Site150 	 1 	 1 	 2 
 Site151 	 2.9622693948421e-150 	 1 	 2 
 Site152 	 1.51428856062093e-11 	 1 	 2 
 Site153 	 2.69603868318463e-90 	 1 	 2 
 Site154 	 3.63352862221217e-92 	 1 	 2 
 Site155 	 3.06025274203851e-06 	 1 	 2 
 Site156 	 7.23244200636826e-24 	 1 	 2 
 Site157 	 5.52860906955534e-100 	 1 	 2 
 Site158 	 1 	 1 	 2 
 Site159 	 1 	 1 	 2 
 Site160 	 4.77983491587376e-97 	 1 	 2 
 Site161 	 1 	 1 	 2 
 Site162 	 2.40362792489333e-08 	 1 	 2 
 Site163 	 1.60946253147428e-139 	 1 	 2 
 Site164 	 1 	 1 	 2 
 Site165 	 1.13075369041822e-101 	 1 	 2 
 Site166 	 2.02803994856715e-102 	 1 	 2 
 Site167 	 1 	 1 	 2 
 Site168 	 3.81890049816562e-156 	 1 	 2 
 Site169 	 4.41270586953872e-138 	 1 	 2 
 Site170 	 6.24618797538966e-82 	 1 	 2 
 Site171 	 4.19759872988215e-44 	 1 	 2 
 Site172 	 1 	 1 	 2 
 Site173 	 1.45201810863674e-34 	 1 	 2 
 Site174 	 4.148891279731e-54 	 1 	 2 
 Site175 	 2.63099359046611e-53 	 1 	 2 
 Site176 	 4.36977644422965e-56 	 1 	 2 
 Site177 	 6.76358047031174e-92 	 1 	 2 
 Site178 	 1 	 1 	 2 
 Site179 	 1.21560054907941e-138 	 1 	 2 
 Site180 	 2.78203793018701e-96 	 1 	 2 
 Site181 	 1 	 1 	 2 
 Site182 	 1 	 1 	 2 
 Site183 	 3.52026498474948e-126 	 1 	 2 
 Site184 	 3.68094387052281e-115 	 1 	 2 
 Site185 	 1.48249452099144e-35 	 1 	 2 
 Site186 	 2.34472105250296e-33 	 1 	 2 
 Site187 	 5.26688304204316e-101 	 1 	 2 
 Site188 	 1.86581636939196e-70 	 1 	 2 
 Site189 	 4.63866937206152e-21 	 1 	 2 
 Site190 	 1 	 1 	 2 
 Site191 	 1.71481354012284e-38 	 1 	 2 
 Site192 	 1.19346738258451e-15 	 1 	 2 
 Site193 	 9.1909052697433e-79 	 1 	 2 
 Site194 	 1 	 1 	 2 
 Site195 	 2.48099383546164e-07 	 1 	 2 
 Site196 	 1.29327411585986e-78 	 1 	 2 
 Site197 	 7.11076676619212e-08 	 1 	 2 
 Site198 	 7.50427736681397e-116 	 1 	 2 
 Site199 	 1 	 1 	 2 
 Site200 	 5.3815870409054e-120 	 1 	 2 
 Site201 	 1 	 1 	 2 
 Site202 	 1 	 1 	 2 
 Site203 	 1.87747000910209e-168 	 1 	 2 
 Site204 	 9.63174686328618e-89 	 1 	 2 
 Site205 	 2.38938220264742e-104 	 1 	 2 
 Site206 	 1 	 1 	 2 
 Site207 	 1.48885281739659e-20 	 1 	 2 
 Site208 	 1.06125871533847e-134 	 1 	 2 
 Site209 	 4.25215630743838e-40 	 1 	 2 
 Site210 	 2.1601641638713e-96 	 1 	 2 
 Site211 	 0.555169920292511 	 1 	 2 
 Site212 	 3.97405062411905e-65 	 1 	 2 
 Site213 	 7.72156324811917e-13 	 1 	 2 
 Site214 	 8.2468672296312e-05 	 1 	 2 
 Site215 	 1.2067214682939e-15 	 1 	 2 
 Site216 	 1 	 1 	 2 
 Site217 	 5.30799427932963e-21 	 1 	 2 
 Site218 	 1 	 1 	 2 
 Site219 	 7.25817473513949e-17 	 1 	 2 
 Site220 	 0.704570164903029 	 1 	 2 
 Site221 	 1 	 1 	 2 
 Site222 	 0.999575507737066 	 1 	 2 
 Site223 	 0.00939235196748458 	 1 	 2 
 Site224 	 4.74959364887043e-162 	 1 	 2 
 Site225 	 0.999746910468282 	 1 	 2 
 Site226 	 0.993205388260724 	 1 	 2 
 Site227 	 0.997488547621965 	 1 	 2 
 Site228 	 6.79645392783388e-29 	 1 	 2 
 Site229 	 7.51759959041084e-39 	 1 	 2 
 Site230 	 1 	 1 	 2 
 Site231 	 1.22566900206988e-12 	 1 	 2 
 Site232 	 3.03739982530731e-241 	 1 	 2 
 Site233 	 0.411556017904066 	 1 	 2 
 Site234 	 1 	 1 	 2 
 Site235 	 1.56392334483739e-94 	 1 	 2 
 Site236 	 1.56387788191243e-94 	 1 	 2 
 Site237 	 3.24929625124152e-96 	 1 	 2 
 Site238 	 0.998833634420058 	 1 	 2 
 Site239 	 3.03120116574227e-97 	 1 	 2 
 Site240 	 6.81876341341945e-92 	 1 	 2 
 Site241 	 7.96686835595977e-101 	 1 	 2 
 Site242 	 1.2641650513474e-12 	 1 	 2 
 Site243 	 3.97684487843553e-51 	 1 	 2 
 Site244 	 0.0032406726676685 	 1 	 2 
 Site245 	 3.06223440524433e-11 	 1 	 2 
 Site246 	 3.00029815926973e-92 	 1 	 2 
 Site247 	 0.999464914520445 	 1 	 2 
 Site248 	 5.8364085668667e-100 	 1 	 2 
 Site249 	 2.7501965010952e-99 	 1 	 2 
 Site250 	 1.09480485531378e-37 	 1 	 2 
 Site251 	 0.994495427805854 	 1 	 2 
 Site252 	 0.999983098344007 	 1 	 2 
 Site253 	 1.77124601027966e-108 	 1 	 2 
 Site254 	 0.000169924116898331 	 1 	 2 
 Site255 	 0.897779390355998 	 1 	 2 
 Site256 	 1 	 1 	 2 
 Site257 	 0.997485594221608 	 1 	 2 
 Site258 	 3.43308953665289e-12 	 1 	 2 
 Site259 	 6.45474686747896e-102 	 1 	 2 
 Site260 	 0.999929396391082 	 1 	 2 
 Site261 	 0.000529087401780899 	 1 	 2 
 Site262 	 0.95242570649256 	 1 	 2 
 Site263 	 0.999967352668917 	 1 	 2 
 Site264 	 0.998811340804445 	 1 	 2 
 Site265 	 0.999929255103811 	 1 	 2 
 Site266 	 0.00275693330169842 	 1 	 2 
 Site267 	 6.28421067266087e-99 	 1 	 2 
 Site268 	 0.96175184405793 	 1 	 2 
 Site269 	 1.28316979025165e-18 	 1 	 2 
 Site270 	 0.995659447430099 	 1 	 2 
 Site271 	 0.999852172741926 	 1 	 2 
 Site272 	 8.25478322225905e-69 	 1 	 2 
 Site273 	 0.99909304998845 	 1 	 2 
 Site274 	 0.999944103544797 	 1 	 2 
 Site275 	 2.64946819131521e-103 	 1 	 2 
 Site276 	 1.08325874846228e-160 	 1 	 2 
 Site277 	 1 	 1 	 2 
 Site278 	 1 	 1 	 2 
 Site279 	 1 	 1 	 2 
 Site280 	 0.00952264786318334 	 1 	 2 
 Site281 	 1.7873989317387e-32 	 1 	 2 
 Site282 	 1 	 1 	 2 
 Site283 	 1.21422407815077e-40 	 1 	 2 
 Site284 	 1 	 1 	 2 
 Site285 	 8.1611686592068e-98 	 1 	 2 
 Site286 	 5.14980232409507e-34 	 1 	 2 
 Site287 	 1 	 1 	 2 
 Site288 	 0.366877389504439 	 1 	 2 
 Site289 	 0.156535596291505 	 1 	 2 
 Site290 	 0.156535596291505 	 1 	 2 
 Site291 	 1.10870565359495e-94 	 1 	 2 
 Site292 	 0.994490513234487 	 1 	 2 
 Site293 	 0.0495580104883025 	 1 	 2 
 Site294 	 0.890316120754701 	 1 	 2 
 Site295 	 0.945626674884615 	 1 	 2 
 Site296 	 0.999892434346028 	 1 	 2 
 Site297 	 8.41128557469981e-19 	 1 	 2 
 Site298 	 1 	 1 	 2 
 Site299 	 2.54213243258045e-16 	 1 	 2 
 Site300 	 1 	 1 	 2 
 Site301 	 2.92393558436207e-25 	 1 	 2 
 Site302 	 0.809752456489652 	 1 	 2 
 Site303 	 1 	 1 	 2 
 Site304 	 1 	 1 	 2 
 Site305 	 1 	 1 	 2 
 Site306 	 0.897341795847379 	 1 	 2 
 Site307 	 1.46862655311912e-17 	 1 	 2 
 Site308 	 6.03013606803714e-86 	 1 	 2 
 Site309 	 1.68732908785267e-107 	 1 	 2 
 Site310 	 0.99822345043288 	 1 	 2 
 Site311 	 4.92079461321687e-97 	 1 	 2 
 Site312 	 2.04054954374775e-08 	 1 	 2 
 Site313 	 0.999852172741926 	 1 	 2 
 Site314 	 1 	 1 	 2 
 Site315 	 1 	 1 	 2 
 Site316 	 1.03802200237856e-125 	 1 	 2 
 Site317 	 4.53271986215819e-16 	 1 	 2 
 Site318 	 1 	 1 	 2 
 Site319 	 2.47701081231988e-92 	 1 	 2 
 Site320 	 1 	 1 	 2 
 Site321 	 3.94400549167018e-10 	 1 	 2 
 Site322 	 1 	 1 	 2 
 Site323 	 2.37439925059072e-90 	 1 	 2 
 Site324 	 1 	 1 	 2 
 Site325 	 3.78506074916168e-98 	 1 	 2 
 Site326 	 0.999852172741926 	 1 	 2 
 Site327 	 2.12464546945337e-97 	 1 	 2 
 Site328 	 0.999213066501395 	 1 	 2 
 Site329 	 0.998543143403285 	 1 	 2 
 Site330 	 0.99974694802875 	 1 	 2 
 Site331 	 7.58689436322744e-28 	 1 	 2 
 Site332 	 1 	 1 	 2 
 Site333 	 1.4076231709783e-57 	 1 	 2 
 Site334 	 4.47498257537734e-97 	 1 	 2 
 Site335 	 2.96921808730104e-106 	 1 	 2 
 Site336 	 6.14900303626965e-47 	 1 	 2 
 Site337 	 0.953147083980275 	 1 	 2 
 Site338 	 9.67220671451277e-156 	 1 	 2 
 Site339 	 0.561783613332054 	 1 	 2 
 Site340 	 1 	 1 	 2 
 Site341 	 1 	 1 	 2 
 Site342 	 1.74869364394431e-112 	 1 	 2 
 Site343 	 3.20558137995272e-16 	 1 	 2 
 Site344 	 1.47703339151402e-17 	 1 	 2 
 Site345 	 1 	 1 	 2 
 Site346 	 3.19679661854682e-131 	 1 	 2 
 Site347 	 2.61418395887008e-23 	 1 	 2 
 Site348 	 5.62830806950787e-80 	 1 	 2 
 Site349 	 1.65910694423554e-157 	 1 	 2 
 Site350 	 1 	 1 	 2 
 Site351 	 1.84992660429447e-82 	 1 	 2 
 Site352 	 1.35868664347817e-122 	 1 	 2 
 Site353 	 1 	 1 	 2 
 Site354 	 2.61304891659215e-48 	 1 	 2 
 Site355 	 1 	 1 	 2 
 Site356 	 1.40376725696204e-120 	 1 	 2 
 Site357 	 1.44660988674061e-153 	 1 	 2 
 Site358 	 1.0095218320033e-43 	 1 	 2 
 Site359 	 1.5726005273982e-110 	 1 	 2 
 Site360 	 1.25078336041499e-80 	 1 	 2 
 Site361 	 1.83474836198947e-16 	 1 	 2 
 Site362 	 4.79523165551478e-33 	 1 	 2 
 Site363 	 4.46092405279293e-38 	 1 	 2 
 Site364 	 2.93006939998434e-142 	 1 	 2 
 Site365 	 9.60787560188872e-57 	 1 	 2 
 Site366 	 5.9678408349956e-71 	 1 	 2 
 Site367 	 5.33474890661935e-37 	 1 	 2 
 Site368 	 6.98581794348392e-35 	 1 	 2 
 Site369 	 3.56388575161528e-119 	 1 	 2 
 Site370 	 1 	 1 	 2 
 Site371 	 1.02006874057024e-196 	 1 	 2 
 Site372 	 1 	 1 	 2 
 Site373 	 1 	 1 	 2 
 Site374 	 1 	 1 	 2 
 Site375 	 2.05064484072469e-142 	 1 	 2 
 Site376 	 2.33326215866243e-96 	 1 	 2 
 Site377 	 1 	 1 	 2 
 Site378 	 2.11437370629906e-124 	 1 	 2 
 Site379 	 1.0457376191946e-36 	 1 	 2 
 Site380 	 1 	 1 	 2 
 Site381 	 4.72138599672949e-37 	 1 	 2 
 Site382 	 4.26491381047754e-34 	 1 	 2 
 Site383 	 1 	 1 	 2 
 Site384 	 5.0371536207072e-33 	 1 	 2 
 Site385 	 9.99691061764287e-36 	 1 	 2 
 Site386 	 1.00540370588426e-35 	 1 	 2 
 Site387 	 4.32916154839523e-39 	 1 	 2 
 Site388 	 5.45020328371532e-58 	 1 	 2 
 Site389 	 8.74857755467864e-46 	 1 	 2 
 Site390 	 3.20289804121739e-21 	 1 	 2 
 Site391 	 5.51085601682893e-44 	 1 	 2 
 Site392 	 1.14955169701424e-26 	 1 	 2 
 Site393 	 1.03825869427353e-32 	 1 	 2 
 Site394 	 7.37805440868691e-86 	 1 	 2 
 Site395 	 3.83451707014498e-24 	 1 	 2 
 Site396 	 8.57031911762939e-119 	 1 	 2 
 Site397 	 1.00166577797838e-56 	 1 	 2 
 Site398 	 1 	 1 	 2 
 Site399 	 1 	 1 	 2 
 Site400 	 1.39368376806885e-52 	 1 	 2 
 Site401 	 1.41493693464925e-129 	 1 	 2 
 Site402 	 1.63280241216211e-119 	 1 	 2 
 Site403 	 1 	 1 	 2 
 Site404 	 9.71619687826939e-78 	 1 	 2 
 Site405 	 6.66310066898722e-10 	 1 	 2 
 Site406 	 5.30359929866913e-99 	 1 	 2 
 Site407 	 4.52423326646988e-12 	 1 	 2 
 Site408 	 1 	 1 	 2 
 Site409 	 5.23968087676458e-07 	 1 	 2 
 Site410 	 1.40781887939757e-06 	 1 	 2 
 Site411 	 3.49397801405434e-07 	 1 	 2 
 Site412 	 6.96579652321442e-08 	 1 	 2 
 Site413 	 0.00028382521278007 	 1 	 2 
 Site414 	 7.08385757726883e-14 	 1 	 2 
 Site415 	 1.12716003147883e-99 	 1 	 2 
 Site416 	 1 	 1 	 2 
 Site417 	 1 	 1 	 2 
 Site418 	 1.07995647987734e-39 	 1 	 2 
 Site419 	 0.000734470538568133 	 1 	 2 
 Site420 	 1 	 1 	 2 
 Site421 	 1.8044569493299e-104 	 1 	 2 
 Site422 	 5.22599521116075e-26 	 1 	 2 
 Site423 	 0.00253916547319716 	 1 	 2 
 Site424 	 3.0110421489383e-107 	 1 	 2 
 Site425 	 0.0724131356621478 	 1 	 2 
 Site426 	 2.26365640031583e-96 	 1 	 2 
 Site427 	 0.258390598295126 	 1 	 2 
 Site428 	 1 	 1 	 2 
 Site429 	 0.0469505929922981 	 1 	 2 
 Site430 	 0.0657026276280299 	 1 	 2 
 Site431 	 0.00082509711200046 	 1 	 2 
 Site432 	 0.00172753222365625 	 1 	 2 
 Site433 	 0.17799694573878 	 1 	 2 
 Site434 	 0.11547984557668 	 1 	 2 
 Site435 	 0.942968081895022 	 1 	 2 
 Site436 	 0.625710300642018 	 1 	 2 
 Site437 	 0.272141501064275 	 1 	 2 
 Site438 	 0.492421971961048 	 1 	 2 
 Site439 	 1.71911033074573e-67 	 1 	 2 
 Site440 	 0.3535745639455 	 1 	 2 
 Site441 	 0.348694239376461 	 1 	 2 
 Site442 	 0.00042695645923552 	 1 	 2 
 Site443 	 1.91293129700073e-06 	 1 	 2 
 Site444 	 1.39242511579253e-129 	 1 	 2 
 Site445 	 0.531859305307779 	 1 	 2 
 Site446 	 3.33941247700541e-85 	 1 	 2 
 Site447 	 5.97294473975381e-08 	 1 	 2 
 Site448 	 0.857076789561856 	 1 	 2 
 Site449 	 1.44990811125998e-24 	 1 	 2 
 Site450 	 1.68969905069844e-09 	 1 	 2 
 Site451 	 0.896835817525684 	 1 	 2 
 Site452 	 1.44971569639492e-16 	 1 	 2 
 Site453 	 1.38671818717523e-19 	 1 	 2 
 Site454 	 0.828751282968822 	 1 	 2 
 Site455 	 0.608600324373517 	 1 	 2 
 Site456 	 1.14973612743744e-108 	 1 	 2 
 Site457 	 2.97748106608411e-15 	 1 	 2 
 Site458 	 1.0269933626019e-90 	 1 	 2 
 Site459 	 2.907048086632e-101 	 1 	 2 
 Site460 	 1.67321608902701e-186 	 1 	 2 
 Site461 	 8.86617296102418e-16 	 1 	 2 
 Site462 	 0.805128663677042 	 1 	 2 
 Site463 	 1.50448157295469e-65 	 1 	 2 
 Site464 	 0.715118137602004 	 1 	 2 
 Site465 	 1.63896078268533e-98 	 1 	 2 
 Site466 	 0.717866214237133 	 1 	 2 
 Site467 	 0.737243492498448 	 1 	 2 
 Site468 	 5.09389856165217e-72 	 1 	 2 
 Site469 	 4.85544962744017e-98 	 1 	 2 
 Site470 	 1.6607634337418e-98 	 1 	 2 
 Site471 	 1.16295277514431e-118 	 1 	 2 
 Site472 	 1.03054758890514e-22 	 1 	 2 
 Site473 	 1.85674047229429e-160 	 1 	 2 
 Site474 	 0.794060882184619 	 1 	 2 
 Site475 	 6.61817586104113e-93 	 1 	 2 
 Site476 	 3.5367794362096e-09 	 1 	 2 
 Site477 	 2.39665887047802e-14 	 1 	 2 
 Site478 	 1.70009288622207e-65 	 1 	 2 
 Site479 	 0.997823966300122 	 1 	 2 
 Site480 	 3.12058942023308e-102 	 1 	 2 
 Site481 	 6.06451978055177e-08 	 1 	 2 
 Site482 	 3.99732486408754e-52 	 1 	 2 
 Site483 	 1 	 1 	 2 
 Site484 	 3.36096725222973e-102 	 1 	 2 
 Site485 	 5.36295919311545e-22 	 1 	 2 
 Site486 	 1.77584873138705e-101 	 1 	 2 
 Site487 	 1.21800482141474e-100 	 1 	 2 
 Site488 	 1.02315644394816e-16 	 1 	 2 
 Site489 	 5.59572853895527e-118 	 1 	 2 
 Site490 	 3.77658666679321e-19 	 1 	 2 
 Site491 	 1.68480313621934e-104 	 1 	 2 
 Site492 	 1.25065710312789e-33 	 1 	 2 
 Site493 	 2.52796782731664e-130 	 1 	 2 
 Site494 	 1.80713475991528e-100 	 1 	 2 
 Site495 	 1.48137647656953e-23 	 1 	 2 
 Site496 	 8.19662830565142e-07 	 1 	 2 
 Site497 	 0.530783285172463 	 1 	 2 
 Site498 	 1.25448042473156e-64 	 1 	 2 
 Site499 	 3.47569189533515e-117 	 1 	 2 
 Site500 	 1.14484510738339e-119 	 1 	 2 
 Site501 	 1 	 1 	 2 
 Site502 	 3.44465064843431e-67 	 1 	 2 
 Site503 	 0.900406943762696 	 1 	 2 
 Site504 	 1 	 1 	 2 
 Site505 	 8.77226869807807e-307 	 1 	 2 
 Site506 	 1 	 1 	 2 
 Site507 	 0.855474338417712 	 1 	 2 
 Site508 	 7.59129989007825e-14 	 1 	 2 
 Site509 	 0.0949575549302637 	 1 	 2 
"
