"resultMC"
"1" "Site Number	P-Value for Pairwise Comparison	Group 1 in Comparison	Group 2 in Comparison
 Site1 	 1 	 1 	 2 
 Site2 	 1 	 1 	 2 
 Site3 	 1.32463805847306e-146 	 1 	 2 
 Site4 	 1 	 1 	 2 
 Site5 	 1.60608456156066e-150 	 1 	 2 
 Site6 	 1 	 1 	 2 
 Site7 	 1 	 1 	 2 
 Site8 	 3.9036456680655e-294 	 1 	 2 
 Site9 	 2.35368448927634e-160 	 1 	 2 
 Site10 	 2.38737849738363e-160 	 1 	 2 
 Site11 	 0.409542271207715 	 1 	 2 
 Site12 	 1 	 1 	 2 
 Site13 	 0.205866277399968 	 1 	 2 
 Site14 	 0.0864936592358488 	 1 	 2 
 Site15 	 1 	 1 	 2 
 Site16 	 1.98014859365223e-08 	 1 	 2 
 Site17 	 0.265571691360094 	 1 	 2 
 Site18 	 1 	 1 	 2 
 Site19 	 1 	 1 	 2 
 Site20 	 0.487745565336099 	 1 	 2 
 Site21 	 3.48661184815028e-13 	 1 	 2 
 Site22 	 1.59553950093024e-06 	 1 	 2 
 Site23 	 1 	 1 	 2 
 Site24 	 1.72210541772156e-18 	 1 	 2 
 Site25 	 0.4581301806754 	 1 	 2 
 Site26 	 0.345750755144788 	 1 	 2 
 Site27 	 1 	 1 	 2 
 Site28 	 1 	 1 	 2 
 Site29 	 1.70065143404625e-256 	 1 	 2 
 Site30 	 2.21135131697898e-12 	 1 	 2 
 Site31 	 6.85783225690674e-77 	 1 	 2 
 Site32 	 5.30937687041957e-13 	 1 	 2 
 Site33 	 1 	 1 	 2 
 Site34 	 6.61005251713419e-06 	 1 	 2 
 Site35 	 1 	 1 	 2 
 Site36 	 3.75458137601032e-202 	 1 	 2 
 Site37 	 1 	 1 	 2 
 Site38 	 1.62805337828431e-07 	 1 	 2 
 Site39 	 1.70961671918755e-08 	 1 	 2 
 Site40 	 1.03167873096493e-15 	 1 	 2 
 Site41 	 1 	 1 	 2 
 Site42 	 4.38656824022451e-08 	 1 	 2 
 Site43 	 1 	 1 	 2 
 Site44 	 1 	 1 	 2 
 Site45 	 1 	 1 	 2 
 Site46 	 1 	 1 	 2 
 Site47 	 1 	 1 	 2 
 Site48 	 1 	 1 	 2 
 Site49 	 1.06977703516748e-107 	 1 	 2 
 Site50 	 1 	 1 	 2 
 Site51 	 1 	 1 	 2 
 Site52 	 1 	 1 	 2 
 Site53 	 1 	 1 	 2 
 Site54 	 6.98074461822387e-09 	 1 	 2 
 Site55 	 1 	 1 	 2 
 Site56 	 1 	 1 	 2 
 Site57 	 5.10420379727795e-07 	 1 	 2 
 Site58 	 1 	 1 	 2 
 Site59 	 1 	 1 	 2 
 Site60 	 5.31971235994379e-08 	 1 	 2 
 Site61 	 1 	 1 	 2 
 Site62 	 1 	 1 	 2 
 Site63 	 3.34308478734943e-122 	 1 	 2 
 Site64 	 1 	 1 	 2 
 Site65 	 1 	 1 	 2 
 Site66 	 1 	 1 	 2 
 Site67 	 1 	 1 	 2 
 Site68 	 1 	 1 	 2 
 Site69 	 1 	 1 	 2 
 Site70 	 9.67636233192208e-25 	 1 	 2 
 Site71 	 1 	 1 	 2 
 Site72 	 1 	 1 	 2 
 Site73 	 1 	 1 	 2 
 Site74 	 5.19065138495939e-09 	 1 	 2 
 Site75 	 5.77841867402401e-09 	 1 	 2 
 Site76 	 5.85611821289347e-27 	 1 	 2 
 Site77 	 1 	 1 	 2 
 Site78 	 1.73134611494848e-09 	 1 	 2 
 Site79 	 2.49974508919888e-10 	 1 	 2 
 Site80 	 1 	 1 	 2 
 Site81 	 1 	 1 	 2 
 Site82 	 1 	 1 	 2 
 Site83 	 1 	 1 	 2 
 Site84 	 1 	 1 	 2 
 Site85 	 1 	 1 	 2 
 Site86 	 1 	 1 	 2 
 Site87 	 7.2693515544088e-16 	 1 	 2 
 Site88 	 1 	 1 	 2 
 Site89 	 1 	 1 	 2 
 Site90 	 1 	 1 	 2 
 Site91 	 2.12320553616893e-151 	 1 	 2 
 Site92 	 1.03873550222074e-09 	 1 	 2 
 Site93 	 1 	 1 	 2 
 Site94 	 1 	 1 	 2 
 Site95 	 1 	 1 	 2 
 Site96 	 1 	 1 	 2 
 Site97 	 8.64933710263861e-83 	 1 	 2 
 Site98 	 5.05443069141123e-10 	 1 	 2 
 Site99 	 8.52806928947959e-10 	 1 	 2 
 Site100 	 5.87392423285513e-11 	 1 	 2 
 Site101 	 3.99604862267802e-10 	 1 	 2 
 Site102 	 7.29659706272369e-11 	 1 	 2 
 Site103 	 2.38009222711361e-10 	 1 	 2 
 Site104 	 6.57362629107598e-12 	 1 	 2 
 Site105 	 5.61244881684772e-10 	 1 	 2 
 Site106 	 1.71171532493101e-10 	 1 	 2 
 Site107 	 9.47704624968313e-12 	 1 	 2 
 Site108 	 2.42501049360358e-10 	 1 	 2 
 Site109 	 2.00457692274139e-11 	 1 	 2 
 Site110 	 1.87751947703645e-09 	 1 	 2 
 Site111 	 6.54684926576593e-11 	 1 	 2 
 Site112 	 1 	 1 	 2 
 Site113 	 1 	 1 	 2 
 Site114 	 1 	 1 	 2 
 Site115 	 1.00026986357703e-19 	 1 	 2 
 Site116 	 2.11837597082809e-10 	 1 	 2 
 Site117 	 0.323638125002696 	 1 	 2 
 Site118 	 2.75244500814326e-227 	 1 	 2 
 Site119 	 0.719919498482716 	 1 	 2 
 Site120 	 1 	 1 	 2 
 Site121 	 0.405454234600514 	 1 	 2 
 Site122 	 1 	 1 	 2 
 Site123 	 1 	 1 	 2 
 Site124 	 1 	 1 	 2 
 Site125 	 1 	 1 	 2 
 Site126 	 1 	 1 	 2 
 Site127 	 2.87438981564843e-07 	 1 	 2 
 Site128 	 1 	 1 	 2 
 Site129 	 1 	 1 	 2 
 Site130 	 1 	 1 	 2 
 Site131 	 1 	 1 	 2 
 Site132 	 1 	 1 	 2 
 Site133 	 1.81083196835635e-06 	 1 	 2 
 Site134 	 6.33023823725931e-07 	 1 	 2 
 Site135 	 1 	 1 	 2 
 Site136 	 1 	 1 	 2 
 Site137 	 0.749236256175233 	 1 	 2 
 Site138 	 1 	 1 	 2 
 Site139 	 1.2320420208773e-260 	 1 	 2 
 Site140 	 1 	 1 	 2 
 Site141 	 1 	 1 	 2 
 Site142 	 1 	 1 	 2 
 Site143 	 3.23788644480259e-242 	 1 	 2 
 Site144 	 0.904779929347209 	 1 	 2 
 Site145 	 1 	 1 	 2 
 Site146 	 1 	 1 	 2 
 Site147 	 1 	 1 	 2 
 Site148 	 1 	 1 	 2 
 Site149 	 1 	 1 	 2 
 Site150 	 1 	 1 	 2 
 Site151 	 1 	 1 	 2 
 Site152 	 8.16594335048724e-100 	 1 	 2 
 Site153 	 1 	 1 	 2 
 Site154 	 1 	 1 	 2 
 Site155 	 2.17938152099806e-23 	 1 	 2 
 Site156 	 0.00399510915933919 	 1 	 2 
 Site157 	 1 	 1 	 2 
 Site158 	 1 	 1 	 2 
 Site159 	 1 	 1 	 2 
 Site160 	 1 	 1 	 2 
 Site161 	 1 	 1 	 2 
 Site162 	 6.7200669737956e-27 	 1 	 2 
 Site163 	 1 	 1 	 2 
 Site164 	 1 	 1 	 2 
 Site165 	 1 	 1 	 2 
 Site166 	 1 	 1 	 2 
 Site167 	 1 	 1 	 2 
 Site168 	 1 	 1 	 2 
 Site169 	 1 	 1 	 2 
 Site170 	 1 	 1 	 2 
 Site171 	 6.08508863628493e-222 	 1 	 2 
 Site172 	 4.93472928562332e-11 	 1 	 2 
 Site173 	 3.5471714499176e-08 	 1 	 2 
 Site174 	 1 	 1 	 2 
 Site175 	 1 	 1 	 2 
 Site176 	 1 	 1 	 2 
 Site177 	 1 	 1 	 2 
 Site178 	 1 	 1 	 2 
 Site179 	 1 	 1 	 2 
 Site180 	 1 	 1 	 2 
 Site181 	 1 	 1 	 2 
 Site182 	 7.28427470107842e-15 	 1 	 2 
 Site183 	 1 	 1 	 2 
 Site184 	 1 	 1 	 2 
 Site185 	 3.27495074917689e-14 	 1 	 2 
 Site186 	 0.957775599404765 	 1 	 2 
 Site187 	 1 	 1 	 2 
 Site188 	 1 	 1 	 2 
 Site189 	 2.14224589498823e-131 	 1 	 2 
 Site190 	 1 	 1 	 2 
 Site191 	 1 	 1 	 2 
 Site192 	 0.274384923325082 	 1 	 2 
 Site193 	 1 	 1 	 2 
 Site194 	 3.54183787280206e-16 	 1 	 2 
 Site195 	 2.74125172402333e-07 	 1 	 2 
 Site196 	 1 	 1 	 2 
 Site197 	 2.13591518259563e-09 	 1 	 2 
 Site198 	 1 	 1 	 2 
 Site199 	 5.15948590379193e-75 	 1 	 2 
 Site200 	 1 	 1 	 2 
 Site201 	 2.00836383561236e-90 	 1 	 2 
 Site202 	 1 	 1 	 2 
 Site203 	 1 	 1 	 2 
 Site204 	 1 	 1 	 2 
 Site205 	 1 	 1 	 2 
 Site206 	 1 	 1 	 2 
 Site207 	 1 	 1 	 2 
 Site208 	 1 	 1 	 2 
 Site209 	 1 	 1 	 2 
 Site210 	 1 	 1 	 2 
 Site211 	 2.72328060954604e-11 	 1 	 2 
 Site212 	 1 	 1 	 2 
 Site213 	 1 	 1 	 2 
 Site214 	 2.73263319754223e-123 	 1 	 2 
 Site215 	 0.763633232825982 	 1 	 2 
 Site216 	 2.03368949880923e-14 	 1 	 2 
 Site217 	 1 	 1 	 2 
 Site218 	 1 	 1 	 2 
 Site219 	 0.840027904119223 	 1 	 2 
 Site220 	 1.83178586118995e-08 	 1 	 2 
 Site221 	 1 	 1 	 2 
 Site222 	 0.450772959605458 	 1 	 2 
 Site223 	 2.16045569902148e-11 	 1 	 2 
 Site224 	 1 	 1 	 2 
 Site225 	 0.0110175288240568 	 1 	 2 
 Site226 	 0.606561267199662 	 1 	 2 
 Site227 	 0.431480024728477 	 1 	 2 
 Site228 	 1 	 1 	 2 
 Site229 	 1 	 1 	 2 
 Site230 	 1 	 1 	 2 
 Site231 	 1 	 1 	 2 
 Site232 	 1 	 1 	 2 
 Site233 	 2.40546051146333e-92 	 1 	 2 
 Site234 	 1 	 1 	 2 
 Site235 	 1 	 1 	 2 
 Site236 	 1 	 1 	 2 
 Site237 	 1 	 1 	 2 
 Site238 	 0.921460248974771 	 1 	 2 
 Site239 	 1 	 1 	 2 
 Site240 	 1 	 1 	 2 
 Site241 	 1 	 1 	 2 
 Site242 	 2.83879257552132e-303 	 1 	 2 
 Site243 	 1 	 1 	 2 
 Site244 	 4.89327990643991e-73 	 1 	 2 
 Site245 	 1 	 1 	 2 
 Site246 	 1 	 1 	 2 
 Site247 	 0.111584246242013 	 1 	 2 
 Site248 	 1 	 1 	 2 
 Site249 	 1 	 1 	 2 
 Site250 	 1 	 1 	 2 
 Site251 	 0.657583932973007 	 1 	 2 
 Site252 	 0.913778460077133 	 1 	 2 
 Site253 	 1 	 1 	 2 
 Site254 	 2.3316165164639e-97 	 1 	 2 
 Site255 	 9.17664552199984e-08 	 1 	 2 
 Site256 	 1 	 1 	 2 
 Site257 	 0.559420406256577 	 1 	 2 
 Site258 	 1 	 1 	 2 
 Site259 	 1 	 1 	 2 
 Site260 	 0.781117196158344 	 1 	 2 
 Site261 	 0.681115307842925 	 1 	 2 
 Site262 	 5.35307809511363e-07 	 1 	 2 
 Site263 	 0.865673679702784 	 1 	 2 
 Site264 	 0.465956820017849 	 1 	 2 
 Site265 	 0.291905218834421 	 1 	 2 
 Site266 	 9.77888743867275e-75 	 1 	 2 
 Site267 	 1 	 1 	 2 
 Site268 	 2.19452335661968e-09 	 1 	 2 
 Site269 	 1 	 1 	 2 
 Site270 	 0.0908327890405957 	 1 	 2 
 Site271 	 0.840027904119223 	 1 	 2 
 Site272 	 1 	 1 	 2 
 Site273 	 0.765769453412753 	 1 	 2 
 Site274 	 0.843466484576914 	 1 	 2 
 Site275 	 1 	 1 	 2 
 Site276 	 1 	 1 	 2 
 Site277 	 1 	 1 	 2 
 Site278 	 1 	 1 	 2 
 Site279 	 1 	 1 	 2 
 Site280 	 6.8187790526045e-99 	 1 	 2 
 Site281 	 1 	 1 	 2 
 Site282 	 1 	 1 	 2 
 Site283 	 1 	 1 	 2 
 Site284 	 1 	 1 	 2 
 Site285 	 1 	 1 	 2 
 Site286 	 1 	 1 	 2 
 Site287 	 1 	 1 	 2 
 Site288 	 2.84686237656468e-09 	 1 	 2 
 Site289 	 3.53148562068908e-10 	 1 	 2 
 Site290 	 3.53148562068908e-10 	 1 	 2 
 Site291 	 1 	 1 	 2 
 Site292 	 0.657583142144813 	 1 	 2 
 Site293 	 0.631912775456749 	 1 	 2 
 Site294 	 4.19605160392203e-08 	 1 	 2 
 Site295 	 2.08380451124684e-07 	 1 	 2 
 Site296 	 0.720006960406918 	 1 	 2 
 Site297 	 9.30029462784679e-72 	 1 	 2 
 Site298 	 1 	 1 	 2 
 Site299 	 1 	 1 	 2 
 Site300 	 4.39838695267847e-17 	 1 	 2 
 Site301 	 1 	 1 	 2 
 Site302 	 4.27019176976876e-08 	 1 	 2 
 Site303 	 9.21393811011656e-10 	 1 	 2 
 Site304 	 1 	 1 	 2 
 Site305 	 1.62142570144577e-85 	 1 	 2 
 Site306 	 0.00815794793920707 	 1 	 2 
 Site307 	 0.765768913300497 	 1 	 2 
 Site308 	 1 	 1 	 2 
 Site309 	 1 	 1 	 2 
 Site310 	 0.639476116543778 	 1 	 2 
 Site311 	 1 	 1 	 2 
 Site312 	 1 	 1 	 2 
 Site313 	 0.289750429363156 	 1 	 2 
 Site314 	 1 	 1 	 2 
 Site315 	 1 	 1 	 2 
 Site316 	 1 	 1 	 2 
 Site317 	 2.78630533456927e-07 	 1 	 2 
 Site318 	 1 	 1 	 2 
 Site319 	 1 	 1 	 2 
 Site320 	 1 	 1 	 2 
 Site321 	 1 	 1 	 2 
 Site322 	 1 	 1 	 2 
 Site323 	 1 	 1 	 2 
 Site324 	 6.86473328812387e-132 	 1 	 2 
 Site325 	 1 	 1 	 2 
 Site326 	 0.940159135869182 	 1 	 2 
 Site327 	 1 	 1 	 2 
 Site328 	 0.155222763769795 	 1 	 2 
 Site329 	 0.232003850380443 	 1 	 2 
 Site330 	 0.772443737722856 	 1 	 2 
 Site331 	 1 	 1 	 2 
 Site332 	 1 	 1 	 2 
 Site333 	 1 	 1 	 2 
 Site334 	 1 	 1 	 2 
 Site335 	 1 	 1 	 2 
 Site336 	 1 	 1 	 2 
 Site337 	 5.94225265233047e-07 	 1 	 2 
 Site338 	 1 	 1 	 2 
 Site339 	 9.23215428743805e-09 	 1 	 2 
 Site340 	 1 	 1 	 2 
 Site341 	 1 	 1 	 2 
 Site342 	 1 	 1 	 2 
 Site343 	 0.934426549769161 	 1 	 2 
 Site344 	 0.807717333488594 	 1 	 2 
 Site345 	 2.35260099912107e-13 	 1 	 2 
 Site346 	 1 	 1 	 2 
 Site347 	 0.807717333488594 	 1 	 2 
 Site348 	 1 	 1 	 2 
 Site349 	 1 	 1 	 2 
 Site350 	 1 	 1 	 2 
 Site351 	 1 	 1 	 2 
 Site352 	 1 	 1 	 2 
 Site353 	 1 	 1 	 2 
 Site354 	 1 	 1 	 2 
 Site355 	 1 	 1 	 2 
 Site356 	 1 	 1 	 2 
 Site357 	 1 	 1 	 2 
 Site358 	 1 	 1 	 2 
 Site359 	 1 	 1 	 2 
 Site360 	 1 	 1 	 2 
 Site361 	 0.840028287522072 	 1 	 2 
 Site362 	 1.39429473932416e-06 	 1 	 2 
 Site363 	 1.46405664935368e-78 	 1 	 2 
 Site364 	 1 	 1 	 2 
 Site365 	 5.15615199602668e-73 	 1 	 2 
 Site366 	 1 	 1 	 2 
 Site367 	 2.10069688863581e-71 	 1 	 2 
 Site368 	 0.645784105021879 	 1 	 2 
 Site369 	 1 	 1 	 2 
 Site370 	 1.70737855702042e-113 	 1 	 2 
 Site371 	 1 	 1 	 2 
 Site372 	 1 	 1 	 2 
 Site373 	 1 	 1 	 2 
 Site374 	 1 	 1 	 2 
 Site375 	 1 	 1 	 2 
 Site376 	 1 	 1 	 2 
 Site377 	 1 	 1 	 2 
 Site378 	 1 	 1 	 2 
 Site379 	 3.76411889554136e-89 	 1 	 2 
 Site380 	 1 	 1 	 2 
 Site381 	 8.6053303001346e-79 	 1 	 2 
 Site382 	 0.810540973020123 	 1 	 2 
 Site383 	 1 	 1 	 2 
 Site384 	 1.2508479383324e-18 	 1 	 2 
 Site385 	 0.884086052644289 	 1 	 2 
 Site386 	 0.681115665315877 	 1 	 2 
 Site387 	 0.0080694339281307 	 1 	 2 
 Site388 	 0.83882867857451 	 1 	 2 
 Site389 	 1 	 1 	 2 
 Site390 	 0.763633513701783 	 1 	 2 
 Site391 	 2.1200768586028e-112 	 1 	 2 
 Site392 	 2.72213626396068e-08 	 1 	 2 
 Site393 	 3.35076012560272e-260 	 1 	 2 
 Site394 	 1 	 1 	 2 
 Site395 	 0.512503844324021 	 1 	 2 
 Site396 	 1 	 1 	 2 
 Site397 	 5.4558517619384e-226 	 1 	 2 
 Site398 	 1 	 1 	 2 
 Site399 	 1 	 1 	 2 
 Site400 	 1 	 1 	 2 
 Site401 	 1 	 1 	 2 
 Site402 	 1 	 1 	 2 
 Site403 	 1 	 1 	 2 
 Site404 	 1 	 1 	 2 
 Site405 	 0.780175463625506 	 1 	 2 
 Site406 	 1 	 1 	 2 
 Site407 	 3.68660751742455e-90 	 1 	 2 
 Site408 	 1 	 1 	 2 
 Site409 	 0.688847241203692 	 1 	 2 
 Site410 	 0.280629439153211 	 1 	 2 
 Site411 	 1.24147776093229e-81 	 1 	 2 
 Site412 	 4.81134464877334e-64 	 1 	 2 
 Site413 	 0.69456023081635 	 1 	 2 
 Site414 	 1.31370878077372e-231 	 1 	 2 
 Site415 	 1 	 1 	 2 
 Site416 	 1.07606192354362e-10 	 1 	 2 
 Site417 	 1 	 1 	 2 
 Site418 	 1 	 1 	 2 
 Site419 	 0.143109842530968 	 1 	 2 
 Site420 	 1 	 1 	 2 
 Site421 	 1 	 1 	 2 
 Site422 	 0.390857524966761 	 1 	 2 
 Site423 	 0.00612642860299473 	 1 	 2 
 Site424 	 1 	 1 	 2 
 Site425 	 0.020992537825829 	 1 	 2 
 Site426 	 1 	 1 	 2 
 Site427 	 0.100253865873366 	 1 	 2 
 Site428 	 1 	 1 	 2 
 Site429 	 8.30501611229664e-09 	 1 	 2 
 Site430 	 0.12780914382057 	 1 	 2 
 Site431 	 1.50829256584355e-73 	 1 	 2 
 Site432 	 7.43788202327081e-07 	 1 	 2 
 Site433 	 0.131710037306234 	 1 	 2 
 Site434 	 0.0306095593665829 	 1 	 2 
 Site435 	 0.00323507315999581 	 1 	 2 
 Site436 	 0.000138851982475336 	 1 	 2 
 Site437 	 8.52293988970559e-12 	 1 	 2 
 Site438 	 0.000104864236812764 	 1 	 2 
 Site439 	 1 	 1 	 2 
 Site440 	 7.60496030275119e-05 	 1 	 2 
 Site441 	 5.47493459574066e-05 	 1 	 2 
 Site442 	 1.33400787603397e-105 	 1 	 2 
 Site443 	 3.54229380952355e-149 	 1 	 2 
 Site444 	 2.68572523930128e-233 	 1 	 2 
 Site445 	 0.000328361952864192 	 1 	 2 
 Site446 	 1 	 1 	 2 
 Site447 	 0.00309831655267245 	 1 	 2 
 Site448 	 4.12547901435167e-05 	 1 	 2 
 Site449 	 1 	 1 	 2 
 Site450 	 1.54375111169164e-246 	 1 	 2 
 Site451 	 0.00885360167263451 	 1 	 2 
 Site452 	 7.4451309578166e-10 	 1 	 2 
 Site453 	 1 	 1 	 2 
 Site454 	 0.00282710349783117 	 1 	 2 
 Site455 	 0.00125192908904614 	 1 	 2 
 Site456 	 1 	 1 	 2 
 Site457 	 1 	 1 	 2 
 Site458 	 1 	 1 	 2 
 Site459 	 1 	 1 	 2 
 Site460 	 1 	 1 	 2 
 Site461 	 1 	 1 	 2 
 Site462 	 0.00562955853088809 	 1 	 2 
 Site463 	 1 	 1 	 2 
 Site464 	 0.00155698201386316 	 1 	 2 
 Site465 	 1 	 1 	 2 
 Site466 	 1.95352082219137e-05 	 1 	 2 
 Site467 	 0.0139640991171498 	 1 	 2 
 Site468 	 1 	 1 	 2 
 Site469 	 1 	 1 	 2 
 Site470 	 1 	 1 	 2 
 Site471 	 1 	 1 	 2 
 Site472 	 1 	 1 	 2 
 Site473 	 1 	 1 	 2 
 Site474 	 0.153244329553868 	 1 	 2 
 Site475 	 1 	 1 	 2 
 Site476 	 6.51156261569577e-238 	 1 	 2 
 Site477 	 1 	 1 	 2 
 Site478 	 1 	 1 	 2 
 Site479 	 0.899929735443266 	 1 	 2 
 Site480 	 1 	 1 	 2 
 Site481 	 0.859061208316685 	 1 	 2 
 Site482 	 1 	 1 	 2 
 Site483 	 1.48819981605981e-12 	 1 	 2 
 Site484 	 1 	 1 	 2 
 Site485 	 5.07392475644639e-128 	 1 	 2 
 Site486 	 1 	 1 	 2 
 Site487 	 1 	 1 	 2 
 Site488 	 2.43707667825543e-11 	 1 	 2 
 Site489 	 1 	 1 	 2 
 Site490 	 1 	 1 	 2 
 Site491 	 1 	 1 	 2 
 Site492 	 1 	 1 	 2 
 Site493 	 1 	 1 	 2 
 Site494 	 1 	 1 	 2 
 Site495 	 1 	 1 	 2 
 Site496 	 3.13464211208415e-283 	 1 	 2 
 Site497 	 8.14962618777572e-114 	 1 	 2 
 Site498 	 1 	 1 	 2 
 Site499 	 2.46059513598316e-319 	 1 	 2 
 Site500 	 1 	 1 	 2 
 Site501 	 2.81609921081172e-180 	 1 	 2 
 Site502 	 1 	 1 	 2 
 Site503 	 3.66748596740071e-87 	 1 	 2 
 Site504 	 1 	 1 	 2 
 Site505 	 1 	 1 	 2 
 Site506 	 1 	 1 	 2 
 Site507 	 3.08314130365343e-78 	 1 	 2 
 Site508 	 1 	 1 	 2 
 Site509 	 1.64753236776806e-35 	 1 	 2 
"
