"resultMC"
"1" "Site Number	P-Value for Pairwise Comparison	Group 1 in Comparison	Group 2 in Comparison
 Site1 	 1 	 1 	 2 
 Site2 	 1 	 1 	 2 
 Site3 	 0.764438917595269 	 1 	 2 
 Site4 	 3.07792687974561e-96 	 1 	 2 
 Site5 	 0.532679119259843 	 1 	 2 
 Site6 	 6.73881829114123e-27 	 1 	 2 
 Site7 	 1 	 1 	 2 
 Site8 	 1 	 1 	 2 
 Site9 	 0.999614469784918 	 1 	 2 
 Site10 	 0.999932080120727 	 1 	 2 
 Site11 	 0.938168073178056 	 1 	 2 
 Site12 	 1 	 1 	 2 
 Site13 	 0.835271876007445 	 1 	 2 
 Site14 	 0.67118128299635 	 1 	 2 
 Site15 	 1.99582383774648e-29 	 1 	 2 
 Site16 	 1 	 1 	 2 
 Site17 	 0.99929089083279 	 1 	 2 
 Site18 	 2.59923217801536e-72 	 1 	 2 
 Site19 	 1.52759572647462e-13 	 1 	 2 
 Site20 	 0.999914639768003 	 1 	 2 
 Site21 	 0.0547892585395754 	 1 	 2 
 Site22 	 1 	 1 	 2 
 Site23 	 1 	 1 	 2 
 Site24 	 1 	 1 	 2 
 Site25 	 0.983675251741566 	 1 	 2 
 Site26 	 0.982598930503102 	 1 	 2 
 Site27 	 1 	 1 	 2 
 Site28 	 1.12681657224538e-90 	 1 	 2 
 Site29 	 1 	 1 	 2 
 Site30 	 0.999573123167295 	 1 	 2 
 Site31 	 0.0573657864099659 	 1 	 2 
 Site32 	 0.998306044459299 	 1 	 2 
 Site33 	 1 	 1 	 2 
 Site34 	 0.999233632145334 	 1 	 2 
 Site35 	 1.37149937548134e-06 	 1 	 2 
 Site36 	 1 	 1 	 2 
 Site37 	 2.33240028750108e-35 	 1 	 2 
 Site38 	 0.99875386741376 	 1 	 2 
 Site39 	 0.982229980678721 	 1 	 2 
 Site40 	 1 	 1 	 2 
 Site41 	 2.15916319823258e-07 	 1 	 2 
 Site42 	 0.994381319926283 	 1 	 2 
 Site43 	 3.03828812692383e-69 	 1 	 2 
 Site44 	 1 	 1 	 2 
 Site45 	 3.64457387409123e-12 	 1 	 2 
 Site46 	 1 	 1 	 2 
 Site47 	 1 	 1 	 2 
 Site48 	 1 	 1 	 2 
 Site49 	 1 	 1 	 2 
 Site50 	 1 	 1 	 2 
 Site51 	 1 	 1 	 2 
 Site52 	 1 	 1 	 2 
 Site53 	 2.53633419461869e-35 	 1 	 2 
 Site54 	 1 	 1 	 2 
 Site55 	 8.0360592864068e-85 	 1 	 2 
 Site56 	 1 	 1 	 2 
 Site57 	 0.999972503408956 	 1 	 2 
 Site58 	 4.44762389439523e-17 	 1 	 2 
 Site59 	 1 	 1 	 2 
 Site60 	 0.999396000512283 	 1 	 2 
 Site61 	 2.60398291493394e-79 	 1 	 2 
 Site62 	 1 	 1 	 2 
 Site63 	 0.000138558276151765 	 1 	 2 
 Site64 	 1 	 1 	 2 
 Site65 	 1.00347852893127e-108 	 1 	 2 
 Site66 	 6.71329785303993e-41 	 1 	 2 
 Site67 	 1 	 1 	 2 
 Site68 	 1 	 1 	 2 
 Site69 	 1 	 1 	 2 
 Site70 	 1 	 1 	 2 
 Site71 	 1 	 1 	 2 
 Site72 	 1 	 1 	 2 
 Site73 	 1 	 1 	 2 
 Site74 	 0.995587209712628 	 1 	 2 
 Site75 	 0.995862799564607 	 1 	 2 
 Site76 	 1 	 1 	 2 
 Site77 	 1 	 1 	 2 
 Site78 	 0.996386636180025 	 1 	 2 
 Site79 	 0.994699200722877 	 1 	 2 
 Site80 	 1.01588931267757e-15 	 1 	 2 
 Site81 	 1.12845868042318e-83 	 1 	 2 
 Site82 	 9.76785598303994e-10 	 1 	 2 
 Site83 	 1 	 1 	 2 
 Site84 	 1.15418024376975e-12 	 1 	 2 
 Site85 	 1.15426252892686e-12 	 1 	 2 
 Site86 	 1 	 1 	 2 
 Site87 	 1 	 1 	 2 
 Site88 	 1 	 1 	 2 
 Site89 	 1 	 1 	 2 
 Site90 	 1 	 1 	 2 
 Site91 	 1 	 1 	 2 
 Site92 	 0.998942948334723 	 1 	 2 
 Site93 	 7.15309092670808e-49 	 1 	 2 
 Site94 	 3.75460593823646e-53 	 1 	 2 
 Site95 	 8.39655558504465e-46 	 1 	 2 
 Site96 	 3.56383566970277e-228 	 1 	 2 
 Site97 	 1 	 1 	 2 
 Site98 	 0.999719285278399 	 1 	 2 
 Site99 	 0.999823430384559 	 1 	 2 
 Site100 	 4.61156872589463e-19 	 1 	 2 
 Site101 	 0.999098774172941 	 1 	 2 
 Site102 	 0.996389517308723 	 1 	 2 
 Site103 	 0.999740777773566 	 1 	 2 
 Site104 	 0.958147505172586 	 1 	 2 
 Site105 	 0.999742926862449 	 1 	 2 
 Site106 	 0.998859686815802 	 1 	 2 
 Site107 	 0.994818880904821 	 1 	 2 
 Site108 	 0.0891383502481342 	 1 	 2 
 Site109 	 0.986348758802466 	 1 	 2 
 Site110 	 0.999951012999971 	 1 	 2 
 Site111 	 0.996132343791435 	 1 	 2 
 Site112 	 2.81011159277026e-13 	 1 	 2 
 Site113 	 3.40964723617239e-31 	 1 	 2 
 Site114 	 1.61314034347789e-38 	 1 	 2 
 Site115 	 1 	 1 	 2 
 Site116 	 0.999022724584617 	 1 	 2 
 Site117 	 0.999939933407219 	 1 	 2 
 Site118 	 1.78369808971999e-07 	 1 	 2 
 Site119 	 0.997326870794555 	 1 	 2 
 Site120 	 6.01706351948736e-101 	 1 	 2 
 Site121 	 0.997916320130711 	 1 	 2 
 Site122 	 1 	 1 	 2 
 Site123 	 1.56471181675858e-102 	 1 	 2 
 Site124 	 1 	 1 	 2 
 Site125 	 4.1933198271967e-105 	 1 	 2 
 Site126 	 1 	 1 	 2 
 Site127 	 1 	 1 	 2 
 Site128 	 1 	 1 	 2 
 Site129 	 1 	 1 	 2 
 Site130 	 3.30611795728302e-12 	 1 	 2 
 Site131 	 1 	 1 	 2 
 Site132 	 1 	 1 	 2 
 Site133 	 1 	 1 	 2 
 Site134 	 1 	 1 	 2 
 Site135 	 1.34193160633899e-127 	 1 	 2 
 Site136 	 1 	 1 	 2 
 Site137 	 0.999645059399328 	 1 	 2 
 Site138 	 1 	 1 	 2 
 Site139 	 5.63079545211813e-111 	 1 	 2 
 Site140 	 1 	 1 	 2 
 Site141 	 1 	 1 	 2 
 Site142 	 1 	 1 	 2 
 Site143 	 1 	 1 	 2 
 Site144 	 2.01226110838329e-38 	 1 	 2 
 Site145 	 1.91574487086978e-14 	 1 	 2 
 Site146 	 8.68091311540156e-14 	 1 	 2 
 Site147 	 3.58986578584127e-15 	 1 	 2 
 Site148 	 1 	 1 	 2 
 Site149 	 1.21230371096838e-11 	 1 	 2 
 Site150 	 1 	 1 	 2 
 Site151 	 1 	 1 	 2 
 Site152 	 1 	 1 	 2 
 Site153 	 3.40342513377283e-80 	 1 	 2 
 Site154 	 5.13332354076786e-82 	 1 	 2 
 Site155 	 1 	 1 	 2 
 Site156 	 3.37655680764801e-06 	 1 	 2 
 Site157 	 1 	 1 	 2 
 Site158 	 1 	 1 	 2 
 Site159 	 4.64120900946035e-32 	 1 	 2 
 Site160 	 1 	 1 	 2 
 Site161 	 1 	 1 	 2 
 Site162 	 1 	 1 	 2 
 Site163 	 6.00541163087221e-87 	 1 	 2 
 Site164 	 1 	 1 	 2 
 Site165 	 1.26020217603889e-12 	 1 	 2 
 Site166 	 3.4755129661645e-13 	 1 	 2 
 Site167 	 1.91589531581748e-14 	 1 	 2 
 Site168 	 8.68058085910121e-14 	 1 	 2 
 Site169 	 1 	 1 	 2 
 Site170 	 1.33787268288131e-149 	 1 	 2 
 Site171 	 1 	 1 	 2 
 Site172 	 1 	 1 	 2 
 Site173 	 1 	 1 	 2 
 Site174 	 1 	 1 	 2 
 Site175 	 9.08333822029251e-70 	 1 	 2 
 Site176 	 1 	 1 	 2 
 Site177 	 1.61942430006465e-50 	 1 	 2 
 Site178 	 1 	 1 	 2 
 Site179 	 4.22193631902028e-11 	 1 	 2 
 Site180 	 3.31859362260339e-42 	 1 	 2 
 Site181 	 4.86584563821528e-103 	 1 	 2 
 Site182 	 1 	 1 	 2 
 Site183 	 1 	 1 	 2 
 Site184 	 3.23113554985167e-200 	 1 	 2 
 Site185 	 0.702459022972656 	 1 	 2 
 Site186 	 0.99998955995333 	 1 	 2 
 Site187 	 1 	 1 	 2 
 Site188 	 1 	 1 	 2 
 Site189 	 0.000594180062111041 	 1 	 2 
 Site190 	 6.4407927300942e-24 	 1 	 2 
 Site191 	 3.45526621430177e-63 	 1 	 2 
 Site192 	 0.99997614380257 	 1 	 2 
 Site193 	 1 	 1 	 2 
 Site194 	 1 	 1 	 2 
 Site195 	 1 	 1 	 2 
 Site196 	 8.2843676951054e-21 	 1 	 2 
 Site197 	 1 	 1 	 2 
 Site198 	 1 	 1 	 2 
 Site199 	 0.0482774450049561 	 1 	 2 
 Site200 	 1.2548112540032e-10 	 1 	 2 
 Site201 	 1 	 1 	 2 
 Site202 	 1 	 1 	 2 
 Site203 	 1 	 1 	 2 
 Site204 	 1.14016490004944e-78 	 1 	 2 
 Site205 	 1 	 1 	 2 
 Site206 	 1 	 1 	 2 
 Site207 	 1 	 1 	 2 
 Site208 	 3.29453278145602e-19 	 1 	 2 
 Site209 	 1.04595457764764e-117 	 1 	 2 
 Site210 	 7.86843904823048e-199 	 1 	 2 
 Site211 	 1 	 1 	 2 
 Site212 	 1.8733243052513e-116 	 1 	 2 
 Site213 	 2.43732575388193e-11 	 1 	 2 
 Site214 	 1 	 1 	 2 
 Site215 	 9.91069513740414e-18 	 1 	 2 
 Site216 	 1 	 1 	 2 
 Site217 	 3.43801559190488e-08 	 1 	 2 
 Site218 	 3.0555716403265e-13 	 1 	 2 
 Site219 	 0.999891343939688 	 1 	 2 
 Site220 	 1 	 1 	 2 
 Site221 	 1 	 1 	 2 
 Site222 	 0.999698453002197 	 1 	 2 
 Site223 	 0.892755360167765 	 1 	 2 
 Site224 	 1 	 1 	 2 
 Site225 	 0.999812791754219 	 1 	 2 
 Site226 	 0.994315732403394 	 1 	 2 
 Site227 	 0.998011673157102 	 1 	 2 
 Site228 	 1 	 1 	 2 
 Site229 	 9.44210848867495e-15 	 1 	 2 
 Site230 	 4.15929470811415e-12 	 1 	 2 
 Site231 	 1 	 1 	 2 
 Site232 	 1 	 1 	 2 
 Site233 	 1 	 1 	 2 
 Site234 	 1 	 1 	 2 
 Site235 	 1.07557063348895e-83 	 1 	 2 
 Site236 	 1.07553579920136e-83 	 1 	 2 
 Site237 	 2.50099483505459e-85 	 1 	 2 
 Site238 	 0.999083269513627 	 1 	 2 
 Site239 	 2.565041605863e-86 	 1 	 2 
 Site240 	 1 	 1 	 2 
 Site241 	 1 	 1 	 2 
 Site242 	 1 	 1 	 2 
 Site243 	 1 	 1 	 2 
 Site244 	 0.00721290638504378 	 1 	 2 
 Site245 	 8.1193995835865e-10 	 1 	 2 
 Site246 	 4.32721764332958e-82 	 1 	 2 
 Site247 	 0.999619123024696 	 1 	 2 
 Site248 	 5.71403784590723e-89 	 1 	 2 
 Site249 	 1 	 1 	 2 
 Site250 	 1.42101480224429e-33 	 1 	 2 
 Site251 	 0.995404220669183 	 1 	 2 
 Site252 	 0.99998841497693 	 1 	 2 
 Site253 	 1 	 1 	 2 
 Site254 	 1 	 1 	 2 
 Site255 	 1 	 1 	 2 
 Site256 	 1 	 1 	 2 
 Site257 	 0.998008721647736 	 1 	 2 
 Site258 	 1 	 1 	 2 
 Site259 	 6.8584124325856e-91 	 1 	 2 
 Site260 	 0.999950732295554 	 1 	 2 
 Site261 	 0.998852299671405 	 1 	 2 
 Site262 	 1 	 1 	 2 
 Site263 	 0.999977417335605 	 1 	 2 
 Site264 	 0.999107621481285 	 1 	 2 
 Site265 	 0.999950607570568 	 1 	 2 
 Site266 	 1 	 1 	 2 
 Site267 	 5.72686571990448e-88 	 1 	 2 
 Site268 	 1 	 1 	 2 
 Site269 	 2.21677630513304e-16 	 1 	 2 
 Site270 	 0.996546709078411 	 1 	 2 
 Site271 	 0.999891343939688 	 1 	 2 
 Site272 	 5.80003777288642e-21 	 1 	 2 
 Site273 	 0.99928923509384 	 1 	 2 
 Site274 	 0.999961077834477 	 1 	 2 
 Site275 	 1 	 1 	 2 
 Site276 	 1 	 1 	 2 
 Site277 	 4.36662288251303e-62 	 1 	 2 
 Site278 	 1 	 1 	 2 
 Site279 	 1 	 1 	 2 
 Site280 	 1 	 1 	 2 
 Site281 	 1 	 1 	 2 
 Site282 	 4.39212674716946e-145 	 1 	 2 
 Site283 	 1 	 1 	 2 
 Site284 	 1 	 1 	 2 
 Site285 	 1 	 1 	 2 
 Site286 	 2.6178979443892e-29 	 1 	 2 
 Site287 	 1 	 1 	 2 
 Site288 	 1 	 1 	 2 
 Site289 	 1 	 1 	 2 
 Site290 	 1 	 1 	 2 
 Site291 	 1 	 1 	 2 
 Site292 	 0.995399033341858 	 1 	 2 
 Site293 	 0.984954279449238 	 1 	 2 
 Site294 	 1 	 1 	 2 
 Site295 	 1 	 1 	 2 
 Site296 	 0.999924592913014 	 1 	 2 
 Site297 	 0.0253865596977849 	 1 	 2 
 Site298 	 1.69699347386609e-89 	 1 	 2 
 Site299 	 5.10444758777442e-15 	 1 	 2 
 Site300 	 1 	 1 	 2 
 Site301 	 1 	 1 	 2 
 Site302 	 1 	 1 	 2 
 Site303 	 0.562808899649546 	 1 	 2 
 Site304 	 2.07973382216544e-89 	 1 	 2 
 Site305 	 0.0010571325378044 	 1 	 2 
 Site306 	 0.911882018431801 	 1 	 2 
 Site307 	 0.999288433859884 	 1 	 2 
 Site308 	 2.56975489935153e-76 	 1 	 2 
 Site309 	 2.42483397994712e-13 	 1 	 2 
 Site310 	 0.998598091741822 	 1 	 2 
 Site311 	 1 	 1 	 2 
 Site312 	 1 	 1 	 2 
 Site313 	 0.999891343939688 	 1 	 2 
 Site314 	 1.18874494045191e-13 	 1 	 2 
 Site315 	 1 	 1 	 2 
 Site316 	 5.30053228867436e-50 	 1 	 2 
 Site317 	 1 	 1 	 2 
 Site318 	 1 	 1 	 2 
 Site319 	 3.64721146369403e-82 	 1 	 2 
 Site320 	 3.07389876840536e-109 	 1 	 2 
 Site321 	 1.60817278893432e-06 	 1 	 2 
 Site322 	 1 	 1 	 2 
 Site323 	 3.03896733855873e-80 	 1 	 2 
 Site324 	 1 	 1 	 2 
 Site325 	 3.38845824610749e-87 	 1 	 2 
 Site326 	 5.31111892833677e-19 	 1 	 2 
 Site327 	 2.42155752141254e-95 	 1 	 2 
 Site328 	 0.999411243738831 	 1 	 2 
 Site329 	 0.998852299671405 	 1 	 2 
 Site330 	 0.999812826902872 	 1 	 2 
 Site331 	 1 	 1 	 2 
 Site332 	 6.87644187240745e-23 	 1 	 2 
 Site333 	 1 	 1 	 2 
 Site334 	 8.07277088224597e-94 	 1 	 2 
 Site335 	 9.20563109632978e-27 	 1 	 2 
 Site336 	 1.41308735701429e-59 	 1 	 2 
 Site337 	 1 	 1 	 2 
 Site338 	 1 	 1 	 2 
 Site339 	 1 	 1 	 2 
 Site340 	 1 	 1 	 2 
 Site341 	 2.03154838176195e-74 	 1 	 2 
 Site342 	 4.04652446386266e-40 	 1 	 2 
 Site343 	 0.99999224566954 	 1 	 2 
 Site344 	 0.999469543657139 	 1 	 2 
 Site345 	 1 	 1 	 2 
 Site346 	 1.41631282968679e-12 	 1 	 2 
 Site347 	 0.999469543657139 	 1 	 2 
 Site348 	 1 	 1 	 2 
 Site349 	 1 	 1 	 2 
 Site350 	 1 	 1 	 2 
 Site351 	 1 	 1 	 2 
 Site352 	 1 	 1 	 2 
 Site353 	 4.45956027999328e-11 	 1 	 2 
 Site354 	 2.42490699947994e-27 	 1 	 2 
 Site355 	 1 	 1 	 2 
 Site356 	 1 	 1 	 2 
 Site357 	 1 	 1 	 2 
 Site358 	 1 	 1 	 2 
 Site359 	 1 	 1 	 2 
 Site360 	 1 	 1 	 2 
 Site361 	 0.999891471312914 	 1 	 2 
 Site362 	 1 	 1 	 2 
 Site363 	 0.00849125529774816 	 1 	 2 
 Site364 	 2.13618881007992e-80 	 1 	 2 
 Site365 	 0.00728864705102179 	 1 	 2 
 Site366 	 1.43165160736038e-31 	 1 	 2 
 Site367 	 0.0555219517802616 	 1 	 2 
 Site368 	 0.999812932115171 	 1 	 2 
 Site369 	 8.02420128789392e-32 	 1 	 2 
 Site370 	 1 	 1 	 2 
 Site371 	 2.29853561871558e-130 	 1 	 2 
 Site372 	 4.20667884211792e-12 	 1 	 2 
 Site373 	 3.47580712774169e-13 	 1 	 2 
 Site374 	 1.23884897775687e-125 	 1 	 2 
 Site375 	 1 	 1 	 2 
 Site376 	 3.121666403363e-103 	 1 	 2 
 Site377 	 1 	 1 	 2 
 Site378 	 1 	 1 	 2 
 Site379 	 0.0132538845226616 	 1 	 2 
 Site380 	 5.69436105359627e-90 	 1 	 2 
 Site381 	 0.00327573053705941 	 1 	 2 
 Site382 	 0.999961065951241 	 1 	 2 
 Site383 	 1 	 1 	 2 
 Site384 	 1 	 1 	 2 
 Site385 	 0.99859664789885 	 1 	 2 
 Site386 	 0.998852972960267 	 1 	 2 
 Site387 	 0.992599182840333 	 1 	 2 
 Site388 	 0.99996994201512 	 1 	 2 
 Site389 	 3.95222178481593e-20 	 1 	 2 
 Site390 	 0.999983856635107 	 1 	 2 
 Site391 	 0.00162771060958499 	 1 	 2 
 Site392 	 0.910821709682929 	 1 	 2 
 Site393 	 1.30098570090039e-107 	 1 	 2 
 Site394 	 6.20379338827076e-54 	 1 	 2 
 Site395 	 0.99192801740176 	 1 	 2 
 Site396 	 1 	 1 	 2 
 Site397 	 3.61339447734505e-07 	 1 	 2 
 Site398 	 4.04884010367316e-103 	 1 	 2 
 Site399 	 1 	 1 	 2 
 Site400 	 1 	 1 	 2 
 Site401 	 1.15420419004647e-12 	 1 	 2 
 Site402 	 1.30492718617576e-289 	 1 	 2 
 Site403 	 1 	 1 	 2 
 Site404 	 1 	 1 	 2 
 Site405 	 0.999870604058135 	 1 	 2 
 Site406 	 5.18719902851868e-81 	 1 	 2 
 Site407 	 0.00568055620685196 	 1 	 2 
 Site408 	 1 	 1 	 2 
 Site409 	 0.999908536505715 	 1 	 2 
 Site410 	 0.999966303380827 	 1 	 2 
 Site411 	 0.064884525079222 	 1 	 2 
 Site412 	 0.045674325083165 	 1 	 2 
 Site413 	 0.99999765586284 	 1 	 2 
 Site414 	 5.22292123243536e-08 	 1 	 2 
 Site415 	 1 	 1 	 2 
 Site416 	 0.825917880347248 	 1 	 2 
 Site417 	 9.44399299442153e-141 	 1 	 2 
 Site418 	 1 	 1 	 2 
 Site419 	 0.998944211808722 	 1 	 2 
 Site420 	 7.51488389946886e-113 	 1 	 2 
 Site421 	 5.49664590764185e-89 	 1 	 2 
 Site422 	 0.999871216535038 	 1 	 2 
 Site423 	 1 	 1 	 2 
 Site424 	 1 	 1 	 2 
 Site425 	 0.984820066004884 	 1 	 2 
 Site426 	 1.32986341185076e-85 	 1 	 2 
 Site427 	 0.999621010113429 	 1 	 2 
 Site428 	 1 	 1 	 2 
 Site429 	 1 	 1 	 2 
 Site430 	 0.984759304527011 	 1 	 2 
 Site431 	 0.0345688685987806 	 1 	 2 
 Site432 	 1 	 1 	 2 
 Site433 	 0.998266525936726 	 1 	 2 
 Site434 	 0.995587419521179 	 1 	 2 
 Site435 	 1.07469584080495e-16 	 1 	 2 
 Site436 	 0.980728200566137 	 1 	 2 
 Site437 	 1 	 1 	 2 
 Site438 	 0.955299175073177 	 1 	 2 
 Site439 	 1 	 1 	 2 
 Site440 	 0.885339388178041 	 1 	 2 
 Site441 	 0.877946329779115 	 1 	 2 
 Site442 	 1 	 1 	 2 
 Site443 	 2.49407802861643e-05 	 1 	 2 
 Site444 	 1.13898203895291e-07 	 1 	 2 
 Site445 	 0.955291462359144 	 1 	 2 
 Site446 	 9.92950070107813e-33 	 1 	 2 
 Site447 	 0.99286901692131 	 1 	 2 
 Site448 	 0.991097255561676 	 1 	 2 
 Site449 	 1 	 1 	 2 
 Site450 	 1 	 1 	 2 
 Site451 	 0.997341793352001 	 1 	 2 
 Site452 	 1 	 1 	 2 
 Site453 	 2.82072415874189e-16 	 1 	 2 
 Site454 	 0.989895517871902 	 1 	 2 
 Site455 	 0.0760180485521307 	 1 	 2 
 Site456 	 1.03718538049039e-123 	 1 	 2 
 Site457 	 1.86934593573345e-13 	 1 	 2 
 Site458 	 3.71251021063459e-82 	 1 	 2 
 Site459 	 1 	 1 	 2 
 Site460 	 1 	 1 	 2 
 Site461 	 5.41270397193683e-14 	 1 	 2 
 Site462 	 0.97108249677588 	 1 	 2 
 Site463 	 9.24676843550947e-52 	 1 	 2 
 Site464 	 0.940586892803828 	 1 	 2 
 Site465 	 1 	 1 	 2 
 Site466 	 1 	 1 	 2 
 Site467 	 0.936321535453656 	 1 	 2 
 Site468 	 5.14067123675613e-65 	 1 	 2 
 Site469 	 6.11029408077008e-89 	 1 	 2 
 Site470 	 1.37578277591247e-21 	 1 	 2 
 Site471 	 1 	 1 	 2 
 Site472 	 1 	 1 	 2 
 Site473 	 9.93785618945282e-309 	 1 	 2 
 Site474 	 0.791389633314157 	 1 	 2 
 Site475 	 4.94862202730881e-56 	 1 	 2 
 Site476 	 8.27974351330737e-314 	 1 	 2 
 Site477 	 2.56776288220222e-32 	 1 	 2 
 Site478 	 1 	 1 	 2 
 Site479 	 0.967932919028677 	 1 	 2 
 Site480 	 1 	 1 	 2 
 Site481 	 0.934597254390466 	 1 	 2 
 Site482 	 3.94741071015238e-162 	 1 	 2 
 Site483 	 0.946522562876968 	 1 	 2 
 Site484 	 1 	 1 	 2 
 Site485 	 0.000214378991474544 	 1 	 2 
 Site486 	 3.90775970946016e-110 	 1 	 2 
 Site487 	 1 	 1 	 2 
 Site488 	 1 	 1 	 2 
 Site489 	 4.62130536915722e-126 	 1 	 2 
 Site490 	 7.76867003680989e-17 	 1 	 2 
 Site491 	 2.11582885200354e-59 	 1 	 2 
 Site492 	 2.10014058124982e-96 	 1 	 2 
 Site493 	 1 	 1 	 2 
 Site494 	 1.65544311860025e-33 	 1 	 2 
 Site495 	 1.77135521601275e-118 	 1 	 2 
 Site496 	 1.6285730814419e-08 	 1 	 2 
 Site497 	 0.639206675299081 	 1 	 2 
 Site498 	 3.50982728259601e-168 	 1 	 2 
 Site499 	 1.54732826515475e-108 	 1 	 2 
 Site500 	 1 	 1 	 2 
 Site501 	 1 	 1 	 2 
 Site502 	 5.71505715017211e-56 	 1 	 2 
 Site503 	 0.997906033777058 	 1 	 2 
 Site504 	 1.20802175283843e-130 	 1 	 2 
 Site505 	 1 	 1 	 2 
 Site506 	 1 	 1 	 2 
 Site507 	 0.0602913395324508 	 1 	 2 
 Site508 	 1 	 1 	 2 
 Site509 	 0.752810242279281 	 1 	 2 
"
