"resultMC"
"1" "Site Number	P-Value for Pairwise Comparison	Group 1 in Comparison	Group 2 in Comparison
 Site1 	 1 	 1 	 2 
 Site2 	 1.71502730397209e-128 	 1 	 2 
 Site3 	 3.41509451194263e-115 	 1 	 2 
 Site4 	 6.46935759254403e-279 	 1 	 2 
 Site5 	 3.01674157431527e-79 	 1 	 2 
 Site6 	 1.0755246992354e-249 	 1 	 2 
 Site7 	 7.34941305576246e-176 	 1 	 2 
 Site8 	 4.91617588782447e-111 	 1 	 2 
 Site9 	 4.20156714046021e-101 	 1 	 2 
 Site10 	 1.71509394541295e-87 	 1 	 2 
 Site11 	 2.31757786482435e-105 	 1 	 2 
 Site12 	 7.20941448392745e-120 	 1 	 2 
 Site13 	 4.1412732349337e-92 	 1 	 2 
 Site14 	 2.7631935461441e-80 	 1 	 2 
 Site15 	 1 	 1 	 2 
 Site16 	 8.88775777759355e-75 	 1 	 2 
 Site17 	 5.81041830948965e-76 	 1 	 2 
 Site18 	 1.2386806621111e-177 	 1 	 2 
 Site19 	 1.61804479684857e-86 	 1 	 2 
 Site20 	 1.91533578387038e-26 	 1 	 2 
 Site21 	 6.22754938568123e-35 	 1 	 2 
 Site22 	 8.39257173537986e-35 	 1 	 2 
 Site23 	 3.2728590457472e-124 	 1 	 2 
 Site24 	 8.06565428643969e-47 	 1 	 2 
 Site25 	 4.17733790801995e-49 	 1 	 2 
 Site26 	 1.69939433479182e-38 	 1 	 2 
 Site27 	 1.01247813009912e-69 	 1 	 2 
 Site28 	 6.91393776821295e-69 	 1 	 2 
 Site29 	 5.7149963336413e-241 	 1 	 2 
 Site30 	 6.25670246186229e-61 	 1 	 2 
 Site31 	 1.42124500849289e-65 	 1 	 2 
 Site32 	 8.97814213791729e-62 	 1 	 2 
 Site33 	 1 	 1 	 2 
 Site34 	 5.73895104694541e-61 	 1 	 2 
 Site35 	 2.53566750135655e-55 	 1 	 2 
 Site36 	 1 	 1 	 2 
 Site37 	 3.94415920371501e-120 	 1 	 2 
 Site38 	 9.41288107472288e-62 	 1 	 2 
 Site39 	 1.97716180071922e-64 	 1 	 2 
 Site40 	 3.32143404137797e-80 	 1 	 2 
 Site41 	 1 	 1 	 2 
 Site42 	 1.79768041944758e-63 	 1 	 2 
 Site43 	 5.24966304621401e-127 	 1 	 2 
 Site44 	 7.75612783450769e-84 	 1 	 2 
 Site45 	 1.22432280192655e-83 	 1 	 2 
 Site46 	 1 	 1 	 2 
 Site47 	 1 	 1 	 2 
 Site48 	 1.85996522265381e-81 	 1 	 2 
 Site49 	 1 	 1 	 2 
 Site50 	 3.73066342592458e-191 	 1 	 2 
 Site51 	 1 	 1 	 2 
 Site52 	 1.46182676026167e-107 	 1 	 2 
 Site53 	 1 	 1 	 2 
 Site54 	 3.09877743980957e-38 	 1 	 2 
 Site55 	 6.02644457816354e-185 	 1 	 2 
 Site56 	 7.77196755867989e-177 	 1 	 2 
 Site57 	 1.58264027749996e-34 	 1 	 2 
 Site58 	 2.83547588377391e-168 	 1 	 2 
 Site59 	 3.02370884442273e-71 	 1 	 2 
 Site60 	 8.46618964356889e-49 	 1 	 2 
 Site61 	 7.09522806613704e-164 	 1 	 2 
 Site62 	 7.03113560359914e-52 	 1 	 2 
 Site63 	 1.08206399522496e-32 	 1 	 2 
 Site64 	 1 	 1 	 2 
 Site65 	 1.76352819500852e-79 	 1 	 2 
 Site66 	 6.25439422534028e-56 	 1 	 2 
 Site67 	 8.46538910615483e-184 	 1 	 2 
 Site68 	 1 	 1 	 2 
 Site69 	 1 	 1 	 2 
 Site70 	 1 	 1 	 2 
 Site71 	 2.4013599055855e-122 	 1 	 2 
 Site72 	 1.57177137616856e-91 	 1 	 2 
 Site73 	 6.12212911921646e-51 	 1 	 2 
 Site74 	 1.89512965724559e-50 	 1 	 2 
 Site75 	 1.91021947569287e-50 	 1 	 2 
 Site76 	 1.63073754765461e-49 	 1 	 2 
 Site77 	 4.19637088365319e-70 	 1 	 2 
 Site78 	 1.79649884344012e-37 	 1 	 2 
 Site79 	 1.71263375765076e-37 	 1 	 2 
 Site80 	 7.53775879777256e-63 	 1 	 2 
 Site81 	 1 	 1 	 2 
 Site82 	 3.93198030432064e-44 	 1 	 2 
 Site83 	 2.83357367608933e-258 	 1 	 2 
 Site84 	 2.11404751319699e-174 	 1 	 2 
 Site85 	 1 	 1 	 2 
 Site86 	 1 	 1 	 2 
 Site87 	 1.0110429085685e-35 	 1 	 2 
 Site88 	 1 	 1 	 2 
 Site89 	 1 	 1 	 2 
 Site90 	 6.09551075542432e-153 	 1 	 2 
 Site91 	 7.93632776242669e-49 	 1 	 2 
 Site92 	 7.84282094052271e-32 	 1 	 2 
 Site93 	 4.62245296442308e-95 	 1 	 2 
 Site94 	 1.60337137691315e-93 	 1 	 2 
 Site95 	 3.27529176622835e-106 	 1 	 2 
 Site96 	 1 	 1 	 2 
 Site97 	 1.15940261137629e-36 	 1 	 2 
 Site98 	 2.18580781886815e-10 	 1 	 2 
 Site99 	 2.26926502725942e-10 	 1 	 2 
 Site100 	 1.82131506861995e-11 	 1 	 2 
 Site101 	 2.23300670523931e-08 	 1 	 2 
 Site102 	 1.84984654901645e-11 	 1 	 2 
 Site103 	 5.87673650675354e-10 	 1 	 2 
 Site104 	 9.42690931988933e-13 	 1 	 2 
 Site105 	 2.2022885173564e-10 	 1 	 2 
 Site106 	 7.78175939958567e-32 	 1 	 2 
 Site107 	 8.36674177889956e-45 	 1 	 2 
 Site108 	 3.95823476674695e-31 	 1 	 2 
 Site109 	 2.00084535826857e-33 	 1 	 2 
 Site110 	 1.96400243871892e-25 	 1 	 2 
 Site111 	 1.33253169080157e-32 	 1 	 2 
 Site112 	 8.50795684442938e-55 	 1 	 2 
 Site113 	 2.23988846123853e-110 	 1 	 2 
 Site114 	 1.11829089716272e-94 	 1 	 2 
 Site115 	 5.11217205923032e-34 	 1 	 2 
 Site116 	 2.20871203640394e-51 	 1 	 2 
 Site117 	 9.24567412500444e-74 	 1 	 2 
 Site118 	 1.29141556562905e-75 	 1 	 2 
 Site119 	 4.1394944746134e-53 	 1 	 2 
 Site120 	 3.39433078372847e-207 	 1 	 2 
 Site121 	 3.16559082870032e-52 	 1 	 2 
 Site122 	 7.24106045843549e-200 	 1 	 2 
 Site123 	 9.30584441287883e-213 	 1 	 2 
 Site124 	 4.89010317279938e-67 	 1 	 2 
 Site125 	 9.2313146414084e-216 	 1 	 2 
 Site126 	 1 	 1 	 2 
 Site127 	 6.99692707423908e-52 	 1 	 2 
 Site128 	 4.21825226771035e-77 	 1 	 2 
 Site129 	 1 	 1 	 2 
 Site130 	 2.37392375068673e-176 	 1 	 2 
 Site131 	 1.16851866891635e-57 	 1 	 2 
 Site132 	 4.62782096049651e-155 	 1 	 2 
 Site133 	 2.23813457802673e-42 	 1 	 2 
 Site134 	 1.1433896770506e-41 	 1 	 2 
 Site135 	 2.69080713620917e-36 	 1 	 2 
 Site136 	 2.38702040640122e-135 	 1 	 2 
 Site137 	 1.58486330956995e-32 	 1 	 2 
 Site138 	 1 	 1 	 2 
 Site139 	 4.06305622489739e-205 	 1 	 2 
 Site140 	 1 	 1 	 2 
 Site141 	 1 	 1 	 2 
 Site142 	 1 	 1 	 2 
 Site143 	 4.79617207295018e-42 	 1 	 2 
 Site144 	 2.31078316257783e-43 	 1 	 2 
 Site145 	 5.62844085600813e-189 	 1 	 2 
 Site146 	 1 	 1 	 2 
 Site147 	 1 	 1 	 2 
 Site148 	 1 	 1 	 2 
 Site149 	 1 	 1 	 2 
 Site150 	 1 	 1 	 2 
 Site151 	 1 	 1 	 2 
 Site152 	 1 	 1 	 2 
 Site153 	 1.63240630877947e-128 	 1 	 2 
 Site154 	 1.56972398032936e-130 	 1 	 2 
 Site155 	 1 	 1 	 2 
 Site156 	 1.94405628508351e-54 	 1 	 2 
 Site157 	 2.19093931249821e-145 	 1 	 2 
 Site158 	 3.00064528771535e-146 	 1 	 2 
 Site159 	 1.57030221575031e-225 	 1 	 2 
 Site160 	 1 	 1 	 2 
 Site161 	 1 	 1 	 2 
 Site162 	 1 	 1 	 2 
 Site163 	 1 	 1 	 2 
 Site164 	 2.63542177280205e-203 	 1 	 2 
 Site165 	 1 	 1 	 2 
 Site166 	 1 	 1 	 2 
 Site167 	 1 	 1 	 2 
 Site168 	 1 	 1 	 2 
 Site169 	 1 	 1 	 2 
 Site170 	 1 	 1 	 2 
 Site171 	 1.52596245734647e-19 	 1 	 2 
 Site172 	 6.64799064213512e-23 	 1 	 2 
 Site173 	 2.34066229813378e-27 	 1 	 2 
 Site174 	 1 	 1 	 2 
 Site175 	 6.31807660797403e-128 	 1 	 2 
 Site176 	 2.18676757218853e-47 	 1 	 2 
 Site177 	 1 	 1 	 2 
 Site178 	 1 	 1 	 2 
 Site179 	 3.27971070959565e-46 	 1 	 2 
 Site180 	 9.19875224700002e-105 	 1 	 2 
 Site181 	 1 	 1 	 2 
 Site182 	 2.89717173081603e-22 	 1 	 2 
 Site183 	 6.90450282581334e-162 	 1 	 2 
 Site184 	 9.10791695455547e-199 	 1 	 2 
 Site185 	 1 	 1 	 2 
 Site186 	 2.72259147995034e-22 	 1 	 2 
 Site187 	 1 	 1 	 2 
 Site188 	 6.05101884654829e-86 	 1 	 2 
 Site189 	 1 	 1 	 2 
 Site190 	 1.50327247170731e-71 	 1 	 2 
 Site191 	 9.26109751578862e-63 	 1 	 2 
 Site192 	 4.88476710186947e-31 	 1 	 2 
 Site193 	 1.42130800074593e-114 	 1 	 2 
 Site194 	 1.01745850562154e-15 	 1 	 2 
 Site195 	 4.44387037016227e-15 	 1 	 2 
 Site196 	 4.09956398557121e-58 	 1 	 2 
 Site197 	 2.27970551066419e-27 	 1 	 2 
 Site198 	 1.46192771628366e-47 	 1 	 2 
 Site199 	 4.79166839543232e-30 	 1 	 2 
 Site200 	 1.16948941480802e-39 	 1 	 2 
 Site201 	 1 	 1 	 2 
 Site202 	 1 	 1 	 2 
 Site203 	 1 	 1 	 2 
 Site204 	 8.42515353051966e-153 	 1 	 2 
 Site205 	 1 	 1 	 2 
 Site206 	 7.85170633591108e-48 	 1 	 2 
 Site207 	 4.60411360392676e-55 	 1 	 2 
 Site208 	 6.3410286171818e-39 	 1 	 2 
 Site209 	 1 	 1 	 2 
 Site210 	 1.22724544908818e-159 	 1 	 2 
 Site211 	 5.02087475950541e-19 	 1 	 2 
 Site212 	 1 	 1 	 2 
 Site213 	 1.75476390653266e-44 	 1 	 2 
 Site214 	 9.62630445290144e-29 	 1 	 2 
 Site215 	 2.35124447456389e-34 	 1 	 2 
 Site216 	 2.88487792064597e-21 	 1 	 2 
 Site217 	 1.51657358764126e-123 	 1 	 2 
 Site218 	 1.09801877387296e-171 	 1 	 2 
 Site219 	 2.17962316827136e-27 	 1 	 2 
 Site220 	 8.93759546508645e-23 	 1 	 2 
 Site221 	 1 	 1 	 2 
 Site222 	 8.67764467009532e-21 	 1 	 2 
 Site223 	 1 	 1 	 2 
 Site224 	 3.50286353931844e-42 	 1 	 2 
 Site225 	 2.14548903389298e-27 	 1 	 2 
 Site226 	 4.8031788299533e-29 	 1 	 2 
 Site227 	 3.38827334725789e-28 	 1 	 2 
 Site228 	 1 	 1 	 2 
 Site229 	 1 	 1 	 2 
 Site230 	 3.73097157782526e-29 	 1 	 2 
 Site231 	 8.68802732459e-35 	 1 	 2 
 Site232 	 8.14032731462277e-125 	 1 	 2 
 Site233 	 2.65119329898423e-11 	 1 	 2 
 Site234 	 1 	 1 	 2 
 Site235 	 1 	 1 	 2 
 Site236 	 1 	 1 	 2 
 Site237 	 1 	 1 	 2 
 Site238 	 3.60635235938833e-22 	 1 	 2 
 Site239 	 4.20702939911043e-82 	 1 	 2 
 Site240 	 1.4333731415423e-157 	 1 	 2 
 Site241 	 6.86619510367112e-90 	 1 	 2 
 Site242 	 2.81233508538362e-46 	 1 	 2 
 Site243 	 1 	 1 	 2 
 Site244 	 1.50874190488492e-32 	 1 	 2 
 Site245 	 8.91917607132134e-33 	 1 	 2 
 Site246 	 9.10674760373308e-146 	 1 	 2 
 Site247 	 3.85656828356149e-15 	 1 	 2 
 Site248 	 2.20729123630674e-37 	 1 	 2 
 Site249 	 1 	 1 	 2 
 Site250 	 5.12025041147253e-77 	 1 	 2 
 Site251 	 3.89011076961691e-17 	 1 	 2 
 Site252 	 4.43378933347193e-15 	 1 	 2 
 Site253 	 5.98262343469125e-33 	 1 	 2 
 Site254 	 1 	 1 	 2 
 Site255 	 1.09080668983522e-15 	 1 	 2 
 Site256 	 1 	 1 	 2 
 Site257 	 1.22598193438741e-17 	 1 	 2 
 Site258 	 6.18145960974823e-24 	 1 	 2 
 Site259 	 3.56315549255287e-25 	 1 	 2 
 Site260 	 4.87502265798472e-05 	 1 	 2 
 Site261 	 0.00798086835381774 	 1 	 2 
 Site262 	 7.1357038484085e-17 	 1 	 2 
 Site263 	 0.00412025267941474 	 1 	 2 
 Site264 	 0.0158880217220355 	 1 	 2 
 Site265 	 1.08840813896565e-07 	 1 	 2 
 Site266 	 1.04273137568388e-06 	 1 	 2 
 Site267 	 1 	 1 	 2 
 Site268 	 0.00431621437001341 	 1 	 2 
 Site269 	 5.49596300119587e-39 	 1 	 2 
 Site270 	 5.11976909710566e-12 	 1 	 2 
 Site271 	 2.26281451746285e-11 	 1 	 2 
 Site272 	 3.36330552532206e-108 	 1 	 2 
 Site273 	 5.49569632687533e-12 	 1 	 2 
 Site274 	 2.65237577331916e-08 	 1 	 2 
 Site275 	 1 	 1 	 2 
 Site276 	 1.38533519623209e-31 	 1 	 2 
 Site277 	 1 	 1 	 2 
 Site278 	 5.38161849770246e-150 	 1 	 2 
 Site279 	 3.00739545560795e-179 	 1 	 2 
 Site280 	 1 	 1 	 2 
 Site281 	 1.56318236253073e-87 	 1 	 2 
 Site282 	 1 	 1 	 2 
 Site283 	 1 	 1 	 2 
 Site284 	 1 	 1 	 2 
 Site285 	 1 	 1 	 2 
 Site286 	 7.42562676911475e-58 	 1 	 2 
 Site287 	 1 	 1 	 2 
 Site288 	 0.244635791528817 	 1 	 2 
 Site289 	 0.093217292939043 	 1 	 2 
 Site290 	 0.093217292939043 	 1 	 2 
 Site291 	 1.73161970069384e-154 	 1 	 2 
 Site292 	 5.60106620451625e-23 	 1 	 2 
 Site293 	 5.25371207523276e-23 	 1 	 2 
 Site294 	 1.99524907627271e-11 	 1 	 2 
 Site295 	 7.05711836750166e-11 	 1 	 2 
 Site296 	 9.30836158383949e-21 	 1 	 2 
 Site297 	 3.63520263279815e-25 	 1 	 2 
 Site298 	 2.44927263211857e-42 	 1 	 2 
 Site299 	 2.48263903414905e-42 	 1 	 2 
 Site300 	 4.66681855775577e-10 	 1 	 2 
 Site301 	 1.09669537633132e-32 	 1 	 2 
 Site302 	 5.39362662399237e-12 	 1 	 2 
 Site303 	 2.51249940961243e-13 	 1 	 2 
 Site304 	 1 	 1 	 2 
 Site305 	 2.62362451277517e-15 	 1 	 2 
 Site306 	 7.96273975011515e-13 	 1 	 2 
 Site307 	 3.63500657127998e-22 	 1 	 2 
 Site308 	 1 	 1 	 2 
 Site309 	 1.4107275987534e-43 	 1 	 2 
 Site310 	 5.36760689678509e-12 	 1 	 2 
 Site311 	 2.63845918326447e-185 	 1 	 2 
 Site312 	 1 	 1 	 2 
 Site313 	 2.26281451746285e-11 	 1 	 2 
 Site314 	 1.60260194355942e-85 	 1 	 2 
 Site315 	 1 	 1 	 2 
 Site316 	 1.08729404539908e-200 	 1 	 2 
 Site317 	 2.57535635344694e-23 	 1 	 2 
 Site318 	 1 	 1 	 2 
 Site319 	 9.04370201969816e-150 	 1 	 2 
 Site320 	 1 	 1 	 2 
 Site321 	 1.18284561008972e-20 	 1 	 2 
 Site322 	 1 	 1 	 2 
 Site323 	 3.55028375108762e-139 	 1 	 2 
 Site324 	 2.81410345185229e-10 	 1 	 2 
 Site325 	 1.93539285329689e-23 	 1 	 2 
 Site326 	 0.0170962686835622 	 1 	 2 
 Site327 	 1 	 1 	 2 
 Site328 	 9.79740217939649e-16 	 1 	 2 
 Site329 	 0.00798086835381774 	 1 	 2 
 Site330 	 0.00189934218265896 	 1 	 2 
 Site331 	 2.64652042848073e-40 	 1 	 2 
 Site332 	 1 	 1 	 2 
 Site333 	 4.05108124525925e-95 	 1 	 2 
 Site334 	 2.5574276937449e-139 	 1 	 2 
 Site335 	 1.44412257267726e-56 	 1 	 2 
 Site336 	 2.89436561374363e-71 	 1 	 2 
 Site337 	 4.22706420747831e-21 	 1 	 2 
 Site338 	 1 	 1 	 2 
 Site339 	 0.410271414218423 	 1 	 2 
 Site340 	 2.16984747014875e-64 	 1 	 2 
 Site341 	 1.8524691381102e-27 	 1 	 2 
 Site342 	 8.28577195462609e-141 	 1 	 2 
 Site343 	 5.08887865370904e-05 	 1 	 2 
 Site344 	 6.49189667240953e-06 	 1 	 2 
 Site345 	 0.00108339593685888 	 1 	 2 
 Site346 	 6.03617580939545e-128 	 1 	 2 
 Site347 	 1.34888357494845e-18 	 1 	 2 
 Site348 	 1 	 1 	 2 
 Site349 	 1 	 1 	 2 
 Site350 	 1 	 1 	 2 
 Site351 	 1 	 1 	 2 
 Site352 	 1 	 1 	 2 
 Site353 	 1.80645280896722e-24 	 1 	 2 
 Site354 	 1 	 1 	 2 
 Site355 	 1 	 1 	 2 
 Site356 	 1 	 1 	 2 
 Site357 	 1.56024897122986e-203 	 1 	 2 
 Site358 	 3.29497631495973e-51 	 1 	 2 
 Site359 	 2.3558209665491e-135 	 1 	 2 
 Site360 	 3.92455413018177e-92 	 1 	 2 
 Site361 	 0.00192624721238014 	 1 	 2 
 Site362 	 0.00525237850767847 	 1 	 2 
 Site363 	 2.96963586717557e-16 	 1 	 2 
 Site364 	 2.84277925666497e-42 	 1 	 2 
 Site365 	 1.8909401415055e-16 	 1 	 2 
 Site366 	 6.32391743285069e-81 	 1 	 2 
 Site367 	 3.84359711586178e-25 	 1 	 2 
 Site368 	 2.22812475153156e-11 	 1 	 2 
 Site369 	 1 	 1 	 2 
 Site370 	 1 	 1 	 2 
 Site371 	 1.5991208134255e-40 	 1 	 2 
 Site372 	 1 	 1 	 2 
 Site373 	 1 	 1 	 2 
 Site374 	 1.36964311236509e-241 	 1 	 2 
 Site375 	 1 	 1 	 2 
 Site376 	 5.51156014981553e-120 	 1 	 2 
 Site377 	 2.1752040750259e-89 	 1 	 2 
 Site378 	 7.4563870220728e-146 	 1 	 2 
 Site379 	 1 	 1 	 2 
 Site380 	 1 	 1 	 2 
 Site381 	 1 	 1 	 2 
 Site382 	 9.53921619724988e-32 	 1 	 2 
 Site383 	 1.48950901650445e-159 	 1 	 2 
 Site384 	 1 	 1 	 2 
 Site385 	 2.40116661872291e-33 	 1 	 2 
 Site386 	 1.66078649119854e-40 	 1 	 2 
 Site387 	 4.8465809442624e-39 	 1 	 2 
 Site388 	 7.96464981816024e-39 	 1 	 2 
 Site389 	 7.55080047574809e-73 	 1 	 2 
 Site390 	 4.96155979380584e-31 	 1 	 2 
 Site391 	 3.08006539057556e-38 	 1 	 2 
 Site392 	 2.20674964283772e-32 	 1 	 2 
 Site393 	 1.35651538398292e-47 	 1 	 2 
 Site394 	 3.16173528485002e-72 	 1 	 2 
 Site395 	 1.898563697377e-41 	 1 	 2 
 Site396 	 7.48932858959332e-132 	 1 	 2 
 Site397 	 1.22997437810983e-51 	 1 	 2 
 Site398 	 7.98174034081295e-62 	 1 	 2 
 Site399 	 3.22240861881044e-100 	 1 	 2 
 Site400 	 1 	 1 	 2 
 Site401 	 6.12611077391347e-163 	 1 	 2 
 Site402 	 1 	 1 	 2 
 Site403 	 1.80655077213926e-151 	 1 	 2 
 Site404 	 1.76958267060401e-94 	 1 	 2 
 Site405 	 2.5361309919677e-08 	 1 	 2 
 Site406 	 6.91558068644859e-146 	 1 	 2 
 Site407 	 1 	 1 	 2 
 Site408 	 1.58438560463935e-225 	 1 	 2 
 Site409 	 7.8093988644485e-11 	 1 	 2 
 Site410 	 2.97935371303454e-06 	 1 	 2 
 Site411 	 1 	 1 	 2 
 Site412 	 9.74740167750804e-15 	 1 	 2 
 Site413 	 2.09393379610127e-09 	 1 	 2 
 Site414 	 1.12503119041487e-29 	 1 	 2 
 Site415 	 8.20096809868916e-152 	 1 	 2 
 Site416 	 1.02383127864166e-39 	 1 	 2 
 Site417 	 1.78034120552516e-54 	 1 	 2 
 Site418 	 3.53996083453033e-112 	 1 	 2 
 Site419 	 1.12066245019015e-36 	 1 	 2 
 Site420 	 1 	 1 	 2 
 Site421 	 1.04975147160265e-47 	 1 	 2 
 Site422 	 6.79603971295033e-36 	 1 	 2 
 Site423 	 1.52215439744041e-25 	 1 	 2 
 Site424 	 7.1937504286303e-132 	 1 	 2 
 Site425 	 1.26060181498215e-27 	 1 	 2 
 Site426 	 5.42342604004005e-58 	 1 	 2 
 Site427 	 1.72500970792255e-37 	 1 	 2 
 Site428 	 1 	 1 	 2 
 Site429 	 2.63842452975794e-40 	 1 	 2 
 Site430 	 1.35074750042569e-40 	 1 	 2 
 Site431 	 1.30055539851288e-42 	 1 	 2 
 Site432 	 1.42300294592271e-31 	 1 	 2 
 Site433 	 7.42370140798711e-32 	 1 	 2 
 Site434 	 1.311636696003e-32 	 1 	 2 
 Site435 	 4.32730997457389e-53 	 1 	 2 
 Site436 	 2.0094568955923e-56 	 1 	 2 
 Site437 	 7.37070527652569e-58 	 1 	 2 
 Site438 	 2.41415912278375e-57 	 1 	 2 
 Site439 	 1.7701563997454e-152 	 1 	 2 
 Site440 	 6.24284437981679e-80 	 1 	 2 
 Site441 	 6.09742139338044e-80 	 1 	 2 
 Site442 	 1 	 1 	 2 
 Site443 	 1.32438257024736e-292 	 1 	 2 
 Site444 	 1.29184699937189e-268 	 1 	 2 
 Site445 	 7.44230777165996e-79 	 1 	 2 
 Site446 	 2.07168567715755e-273 	 1 	 2 
 Site447 	 9.31073067599021e-90 	 1 	 2 
 Site448 	 6.80960119659557e-89 	 1 	 2 
 Site449 	 1 	 1 	 2 
 Site450 	 1 	 1 	 2 
 Site451 	 1.75276403466482e-71 	 1 	 2 
 Site452 	 2.21594028670907e-89 	 1 	 2 
 Site453 	 1.75256992219465e-186 	 1 	 2 
 Site454 	 7.77251193476277e-103 	 1 	 2 
 Site455 	 3.58553571273022e-82 	 1 	 2 
 Site456 	 3.47759743179137e-244 	 1 	 2 
 Site457 	 3.28414480574874e-111 	 1 	 2 
 Site458 	 1.31284152553248e-215 	 1 	 2 
 Site459 	 1 	 1 	 2 
 Site460 	 9.98980576274782e-306 	 1 	 2 
 Site461 	 3.65810825263383e-112 	 1 	 2 
 Site462 	 1.03490736008361e-89 	 1 	 2 
 Site463 	 4.74961877585931e-170 	 1 	 2 
 Site464 	 1.01639349056491e-90 	 1 	 2 
 Site465 	 9.1656383158815e-226 	 1 	 2 
 Site466 	 6.29861471019498e-90 	 1 	 2 
 Site467 	 6.66769362687389e-79 	 1 	 2 
 Site468 	 1 	 1 	 2 
 Site469 	 1 	 1 	 2 
 Site470 	 1.89800271479439e-190 	 1 	 2 
 Site471 	 3.70256959887764e-86 	 1 	 2 
 Site472 	 1.24178604449174e-96 	 1 	 2 
 Site473 	 4.06860560972092e-85 	 1 	 2 
 Site474 	 1.44524877331399e-22 	 1 	 2 
 Site475 	 1 	 1 	 2 
 Site476 	 9.42144078005437e-54 	 1 	 2 
 Site477 	 3.61177092065607e-72 	 1 	 2 
 Site478 	 1 	 1 	 2 
 Site479 	 3.79452073701543e-32 	 1 	 2 
 Site480 	 1.58475532661235e-191 	 1 	 2 
 Site481 	 9.53320621811674e-51 	 1 	 2 
 Site482 	 1.86972763053273e-115 	 1 	 2 
 Site483 	 9.37873695435282e-50 	 1 	 2 
 Site484 	 1 	 1 	 2 
 Site485 	 1 	 1 	 2 
 Site486 	 1.44873363825801e-227 	 1 	 2 
 Site487 	 1 	 1 	 2 
 Site488 	 5.13082984360113e-28 	 1 	 2 
 Site489 	 3.78817105477784e-173 	 1 	 2 
 Site490 	 5.65104134835014e-67 	 1 	 2 
 Site491 	 3.31103435407529e-177 	 1 	 2 
 Site492 	 1 	 1 	 2 
 Site493 	 2.16056705339321e-80 	 1 	 2 
 Site494 	 3.06538112386682e-183 	 1 	 2 
 Site495 	 4.93220354873945e-42 	 1 	 2 
 Site496 	 1 	 1 	 2 
 Site497 	 3.49227874095768e-40 	 1 	 2 
 Site498 	 6.285567695447e-133 	 1 	 2 
 Site499 	 8.60111850524723e-55 	 1 	 2 
 Site500 	 1.36060693688822e-202 	 1 	 2 
 Site501 	 1 	 1 	 2 
 Site502 	 9.19217912869373e-136 	 1 	 2 
 Site503 	 1.851226907497e-26 	 1 	 2 
 Site504 	 1.41133415557135e-279 	 1 	 2 
 Site505 	 1 	 1 	 2 
 Site506 	 1 	 1 	 2 
 Site507 	 4.34684450247142e-49 	 1 	 2 
 Site508 	 1 	 1 	 2 
 Site509 	 3.29387412362955e-50 	 1 	 2 
"
